Searching   2  1  2 near   1294.70674
- 1  1  1  1291.26091 89.9  1294.71972    2  1  1  1288.11747 92.0  1294.71938 + -p
           1.307                         s2  1  1  1288.11753 14.1  1294.71944 + 
                                          3  1  3  1284.69654 85.4  1294.71972 +-

 Searching   3  1  3 near   1298.64322
+ 2  1  2  1292.56856 85.3  1298.65563    3  1  2  1287.60339 94.3  1298.65584 +-
           1.300                         s3  1  2  1287.60347 25.1  1298.65592 -  
                                          4  1  4  1283.39551 80.7  1298.65563 +

 Searching   4  1  4 near   1303.88035
+ 3  1  3  1293.86871 80.5  1303.89189    4  1  3  1286.91821 95.9  1303.89166 +-
           1.291                         s4  1  3  1286.91853 37.6  1303.89198 -
                                          5  1  5  1282.10255 75.4  1303.89193 +
                                          
-p3  3  1  1276.18714 70.3  1303.89235  
s-3  3  1  1276.18660  1.9  1303.89181

 Searching   5  1  5 near   1310.40943
+ 4  1  4  1295.16001 75.3  1310.42013    5  1  4  1286.06824 93.9  1310.42078 + -P
           1.280                          5  1  4  1286.06828 19.2  1310.42082 +-
                                          6  1  6  1280.81841 73.0  1310.42002 +

 Searching   6  1  6 near   1318.22087
+ 5  1  5  1296.44098 72.9  1318.23036    6  1  5  1285.05253 90.7  1318.22534 --+
           1.270                         s6  1  5  1285.05296  7.6  1318.22577 --+
                                          7  1  7  1279.54309 69.8  1318.23029 +

 Searching   7  1  7 near   1327.30489
+ 6  1  6  1297.71148 70.7  1327.31309    7  1  6  1283.90056 97.6  1327.31256 - 
           1.260                         s7  1  6  1283.90113 48.6  1327.31313
                                          8  1  8  1278.27613 68.3  1327.31312 +
                                          
                                          7  3  4  1268.57345 66.0  1327.31295
                                         s7  3  4  1268.57373  1.9  1327.31323
                                          8  3  6  1257.37583 96.0  1327.31329
                                         s8  3  6  1257.37542 27.2  1327.31288
                                         
 Searching   8  1  8 near   1337.65216
+ 7  1  7  1298.97191 68.5  1337.65911    8  1  7  1282.61794 97.4  1337.65973 +
           1.250                          9  1  9  1277.01640 66.2  1337.65905 +

 Searching   9  1  9 near   1349.25427
+ 8  1  8  1300.22287 64.7  1349.25986    9  1  8  1281.23278 97.3  1349.26077 -
           1.242                         10  1 10  1275.76270 64.5  1349.25976 +

 Searching  10  1 10 near   1362.10399             
+ 9  1  9  1301.46534 64.7  1362.10799   10  1  9  1279.77437 97.3  1362.10627 - vr
           1.235                         11  1 11  1274.51360 65.1  1362.10795 +

 Searching  11  1 11 near   1376.19544
+10  1 10  1302.70091 64.6  1376.19797   11  1 10  1278.28396 97.7  1376.19785 -
           1.230                         12  1 12  1273.26789 62.7  1376.19780 +

 Searching  12  1 12 near   1391.52402
+11  1 11  1303.93091 64.2  1391.52526   12  1 11  1276.78726 97.0  1391.52524 +-
           1.226                         13  1 13  1272.02497 64.7  1391.52520 +
                                                    1.240
 11  3  9  1279.29450 96.9  1391.52460

 Searching  13  1 13 near   1408.08623
+12  1 12  1305.15703 63.7  1408.08694   13  1 12  1275.30939 97.9  1408.08625 +
           1.225                         14  1 14  1270.78420 63.9  1408.08692 +
                                                   1.236
 12  3 10  1278.96283 88.9  1408.08710   14  3 12  1241.04569100.0  1408.08668 

 Searching  14  1 14 near   1425.87950
+13  1 13  1306.38302 63.8  1425.88325   14  1 13  1273.86840 96.2  1425.88255 + -
           1.231                         15  1 15  1269.54765 66.8  1425.88316 + 
                                                   1.217
                                         14  3 11  1255.58326 99.3  1425.88237 
------------------------------------------------------------------------------
 Searching  15  1 15 ?????????????????
 14  1 14  1307.61499 69.6  1444.91771   15  1 14  1272.46990 97.0  1444.91341

 Searching  16  1 16 near   1465.15235
 15  1 15  1308.80564 79.1  1465.14115   16  1 15  1271.07588 86.4  1465.14163
           1.191                         17  1 17  1267.05419 77.3  1465.14115
                                                   1.263
 Searching  17  1 17 near   1486.62966
 16  1 16  1309.99705 75.6  1486.59430   17  1 16  1269.70523 98.2  1486.59055 ???
           1.213                         18  1 18  1265.79039 80.4  1486.59434
                                                   1.238
 16  3 14  1276.22750 98.3  1486.59421   

 Searching  18  1 18 near   1509.33322
 17  1 17  1311.21032 47.5  1509.29728   18  1 17  1268.39186 65.5  1509.29973
                                         19  1 19  1264.55147 73.9  1509.29914
 
 18  3 15  1241.46277 99.3  1509.29721
 


 Searching  18  0 18 near   1509.33228	0.044
 17  0 17  1311.21032 47.5  1509.28783   19  0 19  1264.54350 75.5  1509.28757
           1.212                                   1.236     

 Searching  18  1 18 near   1509.33792
 17  1 17  1311.21032 47.5  1509.29728   18  1 17  1268.39186 65.5  1509.29973
                                         19  1 19  1264.55147 73.9  1509.29914
                                                   1.244
                                         17  3 15  1275.27699 99.3  1509.29627   not in  r
                                         18  3 15  1241.46277 99.3  1509.29721
                                                                              

 Searching  19  0 19 near   1533.26477	0.044
  18 0 18  1312.42256 51.7  1533.22065   20  0 20  1263.30686 63.0  1533.22236   
           1.207                                   1.244
 18  2 16  1276.28071 90.1  1533.22396   19  2 18  1266.95586 90.5  1533.21826

 Searching  19  1 19 near   1533.26823
  18 1 18  1312.42256 51.7  1533.22651   19  1 18  1267.08171 94.6  1533.22040   
                                         20  1 20  1263.30686 63.0  1533.22457   
                                           
 18  3 16  1274.24811 98.6  1533.22579
                                         19  3 16  1237.39623 99.9  1533.22713
                                                                              

 Searching  20  0 20 near   1558.42189	0.048
 19  0 19  1313.62957 52.8  1558.37364   21  0 21  1262.06248 57.4  1558.37485  
           1.204                                   1.246
 19  2 17  1274.67326 98.9  1558.37772   20  2 19  1265.71142 98.9  1558.37499 
  
 Searching  20  1 20 near   1558.42401
 19  1 19  1313.62957 52.8  1558.37724   20  1 19  1265.79624 83.9  1558.37842
                                         21  1 21  1262.06248 57.4  1558.37620  
                                         
                                         19  3 17  1273.15049 97.8  1558.37778
                                                                              
                                         
 Searching  21  0 21 near   1584.80361
 20  0 20  1314.83423 53.2  1584.74973   
           1.202                         22  0 22  1260.81592 58.2  1584.75047  
                                                   1.248
 20  2 18  1273.11082 97.3  1584.75150   21  2 20  1264.45440 98.3  1584.74918

 Searching  21  1 21 near   1584.80490
 20  1 20  1314.83423 53.2  1584.75194   21  1 20  1264.50758 97.6  1584.74928
                                         22  1 22  1260.81592 58.2  1584.75130  

 20  3 18  1271.99279 63.1  1584.74746   
                                                                              

 Searching  22  0 22 near   1612.40981
  21 0 21  1316.03689 56.0  1612.34926   23  0 23  1259.56785 60.6  1612.34974  
           1.200                                   1.249
                                         21  2 19  1271.59868 97.6  1612.34792

 Searching  22  1 22 near   1612.41059
  21 1 21  1316.03689 56.0  1612.35061   22  1 21  1263.22941 98.8  1612.34908
                                         23  1 23  1259.56785 60.6  1612.35024  
                                                                              

 Searching  23  0 23 near   1641.24032
 22  0 22  1317.23767 59.1  1641.17222   
           1.199                         24  0 24  1258.31844 62.5  1641.17262  
                                                   1.250
                                         23  2 22  1261.93121 99.1  1641.17105

 Searching  23  1 23 near   1641.24080
  22 1 22  1317.23767 59.1  1641.17305   23  1 22  1261.95700 78.0  1641.17477
                                         24  1 24  1258.31844 62.5  1641.17293  
                                                                              

 Searching  24  0 24 near   1671.29495
 23  0 23  1318.43677 62.1  1671.21866   
           1.197                         25  0 25  1257.06785 65.8  1671.21904  
                                                   1.251
                                         24  2 23  1260.66663 97.5  1671.21781

 Searching  24  1 24 near   1671.29523
 23  1 23  1318.43677 62.1  1671.21916   24  1 23  1260.67875 97.4  1671.21583    
                                         25  1 25  1257.06785 65.8  1671.21922  
                                                                              

 Searching  25  0 25 near   1702.57345
 24  0 24  1319.63430 65.0  1702.48848   
           1.195                         26  0 26  1255.81613 69.5  1702.48878  
                                                   1.252
                                         24  2 22  1267.32695 67.2  1702.48797
                                         
 Searching  25  1 25 near   1702.57362
 24  1 24  1319.63430 65.0  1702.48879   25  1 24  1259.40492 97.1  1702.48322    
                                         26  1 26  1255.81613 69.5  1702.48889  
                                                                              

 Searching  26  0 26 near   1735.07556
 25  0 25  1320.83004 67.2  1734.98123   27  0 27  1254.56325 72.0  1734.98154   
           1.194                                   1.253
                                         25  2 23  1265.96409 60.6  1734.98226
                                         26  2 25  1258.13416 99.0  1734.98161

 Searching  26  1 26 near   1735.07567
 25  1 25  1320.83004 67.2  1734.98141   26  1 25  1258.14235 86.3  1734.98414    
                                         27  1 27  1254.56325 72.0  1734.98161  
                                         
                                         25  3 23  1265.78155 98.2  1734.98134
                                                                              
 
 Searching  27  0 27 near   1768.80102                                                
 26  0 26  1322.02407 70.9  1768.69672   28  0 28  1253.30948 73.1  1768.69731          
           1.192                                   1.255                              
 Searching  27  1 27 near   1768.80108
 26  1 26  1322.02407 70.9  1768.69683   27  1 26  1256.86932 98.9  1768.69706        
                                         28  1 28  1253.30948 73.1  1768.69735          
                                                                              

 Searching  28  0 28 near   1803.74952
 27  0 27  1323.21645 72.8  1803.63474   29  0 29  1252.05416 78.0  1803.63510  
           1.191                                   1.256
                                         28  2 27  1255.59612 99.1  1803.63449
                                         
 Searching  28  1 28 near   1803.74956
 27  1 27  1323.21645 72.8  1803.63481   28  1 27  1255.59612 99.1  1803.63226    
                                         29  1 29  1252.05416 78.0  1803.63512  
                                                                              

 Searching  29  0 29 near   1839.92076
  28 0 28  1324.40758 74.1  1839.79541   30  0 30  1250.79809 81.0  1839.79541   
           1.188                                   1.257
                                         29  2 28  1254.32869 99.1  1839.79699
                                         
 Searching  29  1 29 near   1839.92078
  28 1 28  1324.40758 74.1  1839.79545   29  1 28  1254.32869 99.1  1839.79560
                                         30  1 30  1250.79809 81.0  1839.79542   
                                                                              

 Searching  30  0 30 near   1877.31442
  29 0 29  1325.59587 76.0  1877.17681   31  0 31  1249.54096 83.0  1877.17758   
           1.187                                   1.258
                                         29  2 27  1260.64942 98.8  1877.17647
                                         
 Searching  30  1 30 near   1877.31443
  29 1 29  1325.59587 76.0  1877.17683   30  1 29  1253.05840 98.2  1877.17828
                                         31  1 31  1249.54096 83.0  1877.17759   
                                         
                                         29  3 27  1260.61570 99.1  1877.17800
                                                                              
                                         
 Searching  31  0 31 near   1915.93017
 30  0 30  1326.78349 81.7  1915.78081   32  0 32  1248.28279 85.8  1915.78129  
                                         
                                         30  2 28  1259.33978 99.5  1915.77910
                                         31  2 30  1251.78729 99.7  1915.78265
                                         
 Searching  31  1 31 near   1915.93017
 30  1 30  1326.78349 81.7  1915.78082   31  1 30  1251.78729 99.7  1915.78211
                                         32  1 32  1248.28279 85.8  1915.78130  
                                         
                                         30  3 28  1259.31945 99.2  1915.78177
                                                                              
                                         
 Searching  32  0 32 near   1955.76765
 31  0 31  1327.96903 83.6  1955.60565   33  0 33  1247.02385 87.2  1955.60646  
           1.184                                   1.260
                                         31  2 29  1258.03824 99.4  1955.60704
                                         
 Searching  32  1 32 near   1955.76765
 31  1 31  1327.96903 83.6  1955.60566   
                                         33  1 33  1247.02385 87.2  1955.60646  
                                         
                                         31  3 29  1258.02200 95.9  1955.60572
                                                                              

 Searching  33  0 33 near   1996.82651
  32 0 32  1329.15330 84.7  1996.65180   34  0 34  1245.76360 88.6  1996.65217   0.00036
           1.181                                   1.261            
                                         33  2 32  1249.24198 98.9  1996.65170
                                         
 Searching  33  1 33 near   1996.82652
  32 1 32  1329.15330 84.7  1996.65181   33  1 32  1249.24198 98.9  1996.65150
                                         34  1 34  1245.76360 88.6  1996.65217  
                                                                              

 Searching  34  0 34 near   2039.10639            rong
  33 0 33  1330.33506 87.7  2038.91767   35  0 35  1244.50232 91.7  2038.91832   0.00064
           1.180                                   1.262           
                                         33  2 31  1255.43444 98.3  2038.91630
                                         
 Searching  34  1 34 near   2039.10639
  33 1 33  1330.33506 87.7  2038.91767   34  1 33  1247.97127 99.6  2038.91991    
                                         35  1 35  1244.50232 91.7  2038.91833  
                                        
                                         33  1 33  1330.33506 87.7  2038.91767
                                                                              

 Searching  35  0 35 near   2082.60689
 34  0 34  1331.51526 88.4  2082.40383   36  0 36  1243.23997 92.7  2082.40449   0.00065
           1.178                                   1.263           
                                         35  2 34  1246.69430 93.9  2082.40286

 Searching  35  1 35 near   2082.60690
 34  1 34  1331.51526 88.4  2082.40383   35  1 34  1246.69430 93.9  2082.40278  
                                         36  1 36  1243.23997 92.7  2082.40449  
                                         
                                         34  3 32  1254.13402 86.1  2082.40400
                                                                              
 
 Searching  36  0 36 near   2127.32764
 35  0 35  1332.69397 91.2  2127.10997   37  0 37  1241.97670 93.8  2127.11040   0.0004
           1.176                                   1.263            
 Searching  36  1 36 near   2127.32764
 35  1 35  1332.69397 91.2  2127.10998   36  1 35  1245.41904 99.7  2127.10771    
                                         37  1 37  1241.97670 93.8  2127.11040  
                                                                              

 Searching  37  0 37 near   2173.26821              
  36 0 36  1333.87067 92.1  2173.03519   38  0 38  1240.71298 95.2  2173.03612   0.00093
           1.174                                   1.265           
                                         37  2 36  1244.14523 100.1  2173.03409  

 Searching  37  1 37 near   2173.26821
  36 1 36  1333.87067 92.1  2173.03519   37  1 36  1244.14523100.1  2173.03406
                                         38  1 38  1240.71298 95.2  2173.03613  
                                                                              

 Searching  38  0 38 near   2220.42820
 37  0 37  1335.04565 92.9  2220.17935   39  0 39  1239.44785 96.3  2220.18027   0.000920
           1.173                                   1.266            
                                         38  2 37  1242.87274 99.9  2220.18131
                                         
 Searching  38  1 38 near   2220.42820
 37  1 37  1335.04565 92.9  2220.17935   38  1 37  1242.87274 99.9  2220.18129  
                                         39  1 39  1239.44785 96.3  2220.18027
                                                                              

 Searching  39  0 39 near   2268.80718
  38 0 38  1336.21932 94.3  2268.54246   40  0 40  1238.18151 96.9  2268.54260  
           1.171                                   1.265
                                         38  2 36  1248.95533100.0  2268.54157
                                         39  2 38  1241.59523 99.9  2268.54265
                                         
 Searching  39  1 39 near   2268.80718
  38 1 38  1336.21932 94.3  2268.54247   39  1 38  1241.59523 99.9  2268.54264  
                                         40  1 40  1238.18151 96.9  2268.54260
                                         
                                         38  3 36  1248.95533100.0  2268.54222
                                                                              

 Searching  40  0 40 near   2318.40471
 39  0 39  1337.39105 95.2  2318.12347   41  0 41  1236.91583 97.8  2318.12453  
           1.169                                   1.267
                                                                    
 Searching  40  1 40 near   2318.40471
 39  1 39  1337.39105 95.2  2318.12347   41  1 41  1236.91583 97.8  2318.12453  

                                                                              

 Searching  41  0 41 near   2369.22034
 40  0 40  1338.56028 96.5  2368.92137   42  0 42  1235.64788 98.0  2368.92267  
           1.167                                   1.270
                                         40  2 38  1246.36630100.1  2368.91971
                                                                   
 Searching  41  1 41 near   2369.22034
 40  1 40  1338.56028 96.5  2368.92137   42  1 42  1235.64788 98.0  2368.92267  
                                                                              

 Searching  42  0 42 near   2421.25360
 41  0 41  1339.72740 93.6  2420.93610   42  2 41  1237.75971 99.7  2420.93415  
           1.166                         43  0 43  1234.37781 99.5  2420.93669
                                                   1.267
                                                                    
 Searching  42  1 42 near   2421.25360
 41  1 41  1339.72740 93.6  2420.93610   42  1 41  1237.75971 99.7  2420.93415  
                                         43  1 43  1234.37781 99.5  2420.93669
                                                                              

 Searching  43  0 43 near   2474.50404
 42  0 42  1340.89395 96.9  2474.16874   44  0 44  1233.11049 99.0  2474.17099    
           1.163                                   1.270
                                         42  2 40  1243.77876100.1  2474.16716 
                                                                   
 Searching  43  1 43 near   2474.50404
 42  1 42  1340.89395 96.9  2474.16874   44  1 44  1233.11049 99.0  2474.17099  
           
                                         42  3 40  1243.77876100.1  2474.16725