 Searching   0  0  0 near   1039.77380
                                          1  0  1  1038.25148 95.6  1039.77307
  
 Searching   1  0  1 near   1041.28822
  0  0  0  1041.28916 93.6  1041.28916    2  0  2  1036.73338 89.0  1041.28928
 
 Searching   2  0  2 near   1044.32333
  1  0  1  1042.80283 84.3  1044.32442    3  0  3  1035.23894 78.3  1044.32424
 
 Searching   3  0  3 near   1048.85359
  4  0  4  1033.76919 79.0  1048.85344
  
 Searching   4  0  4 near   1054.84990
  3  0  3  1045.76550 71.1  1054.85081    5  0  5  1032.32976 68.9  1054.85099
 
 Searching   5  0  5 near   1062.28317
  4  0  4  1047.19990 74.2  1062.28415    6  0  6  1030.92155 69.1  1062.28419
 
 Searching   6  0  6 near   1071.11717
  5  0  5  1048.59703 66.4  1071.11826    7  0  7  1029.54028 54.0  1071.11809
 
 Searching   7  0  7 near   1081.32044
  6  0  6  1049.95893 62.5  1081.32157    8  0  8  1028.17799 63.6  1081.32131
 
 Searching   8  0  8 near   1092.86886
  7  0  7  1051.29195 64.2  1092.86976    9  0  9  1026.82511 52.1  1092.86998
 
 Searching   9  0  9 near   1105.74781
  8  0  8  1052.60546 67.9  1105.74878   10  0 10  1025.47264 58.9  1105.74885
 
 Searching  10  0 10 near   1119.95135
  9  0  9  1053.90749 59.5  1119.95236   11  0 11  1024.11585 48.0  1119.95238
 
 Searching  11  0 11 near   1135.47794
 10  0 10  1055.20274 68.4  1135.47896   12  0 12  1022.75117 57.3  1135.47897
 
 Searching  12  0 12 near   1152.33032
 11  0 11  1056.49481 57.8  1152.33134   13  0 13  1021.37845 51.3  1152.33136

 Searching  13  0 13 near   1170.51101
 12  0 12  1057.78409 54.6  1170.51189   14  0 14  1019.99750 61.8  1170.51222
 
 Searching  14  0 14 near   1190.02332
 13  0 13  1059.07141 59.3  1190.02433   15  0 15  1018.60888 52.6  1190.02442
 
 Searching  15  0 15 near   1210.86961
 14  0 14  1060.35605 68.1  1210.87077   16  0 16  1017.21345 65.1  1210.87058
 
 Searching  16  0 16 near   1233.05134
 15  0 15  1061.63682 59.6  1233.05236   17  0 17  1015.81176 55.7  1233.05249
 
 Searching  17  0 17 near   1256.57083
 16  0 16  1062.91476 68.1  1256.57189   18  0 18  1014.40485 66.5  1256.57199
 Searching  18  0 18 near   1281.42001   
 17  0 17  1064.17945 71.4  1281.42018   
 
 Searching  18  1 18 near   1281.44105
 17  1 17  1064.17945 71.4  1281.44202   19  1 19  1012.99616 72.1  1281.44212

 Searching  19  0 19 near   1307.62633  
 20  0 20  1011.57140 69.1  1307.62140  
 
 Searching  19  1 19 near   1307.63169
 20  1 20  1011.57661 61.6  1307.63249

 Searching  20  0 20 near   1335.15979
 19  0 19  1066.71802 52.0  1335.15484   21  0 21  1010.14866 61.7  1335.15540
 
 Searching  20  1 20 near   1335.16297
 19  1 19  1066.71802 52.0  1335.16398   20  1 19  1014.53501 96.0  1335.16387
                                         21  1 21  1010.15351 74.0  1335.16401

 Searching  21  0 21 near   1364.02615
 20  0 20  1067.97782 74.9  1364.02782   22  0 22  1008.71999 53.1  1364.02695
 
 Searching  21  1 21 near   1364.02791
 21  1 20  1013.03948 93.2  1364.02936   22  1 22  1008.71999 53.1  1364.02935
 
 Searching  22  0 22 near   1394.23713   
 21  0 21  1069.23114 62.0  1394.23787   23  0 23  1007.28841 48.0  1394.23893
 
 Searching  22  1 22 near   1394.24000
 21  1 21  1069.23114 62.0  1394.24163   23  1 23  1007.28841 48.0  1394.24045 

 Searching  23  0 23 near   1425.78675
 22  0 22  1070.48054 62.2  1425.78750   24  0 24  1005.85144 55.5  1425.78861
 
 Searching  23  1 23 near   1425.78869
 22  1 22  1070.48054 62.2  1425.78990   24  1 24  1005.85144 55.5  1425.78958

 Searching  24  0 24 near   1458.67457
 23  0 23  1071.72520 64.0  1458.67571   25  0 25  1004.40947 58.9  1458.67612
 
 Searching  24  1 24 near   1458.67593
 23  1 23  1071.72520 64.0  1458.67724   25  1 25  1004.40947 58.9  1458.67673

 Searching  25  0 25 near   1492.90022
 24  0 24  1072.96421 69.9  1492.90138   26  0 26  1002.96323 62.9  1492.90187
 
 Searching  25  1 25 near   1492.90124
 24  1 24  1072.96421 69.9  1492.90234   26  1 26  1002.96323 62.9  1492.90225
 
 Searching  26  0 26 near   1528.46386
 25  0 25  1074.19858 70.8  1528.46523   27  0 27  1001.51261 67.8  1528.46540
 
 Searching  26  1 26 near   1528.46466
 25  1 25  1074.19858 70.8  1528.46584   27  1 27  1001.51261 67.8  1528.46564

 Searching  27  0 27 near   1565.36484
 26  0 26  1075.42749 73.8  1565.36612   28  0 28  1000.05782 73.1  1565.36656
 
 Searching  27  1 27 near   1565.36552
 26  1 26  1075.42749 73.8  1565.36651   28  1 28  1000.05782 73.1  1565.36671

 Searching  28  0 28 near   1603.60324
 27  0 27  1076.65169 77.5  1603.60448   29  0 29   998.59901 75.2  1603.60511
 
 Searching  28  1 28 near   1603.60386
 27  1 27  1076.65169 77.5  1603.60472   28  1 27  1002.69476 98.1  1603.60460
                                         29  1 29   998.59901 75.2  1603.60521

 Searching  29  0 29 near   1643.17844
 28  0 28  1077.87092 80.0  1643.17966   30  0 30   997.13597 83.7  1643.18042
 
 Searching  29  1 29 near   1643.17902
 28  1 28  1077.87092 80.0  1643.17981   29  1 28  1001.21364  0.0  1643.18093
                                         30  1 30   997.13597 83.7  1643.18048 

 Searching  30  0 30 near   1684.08996
 29  0 29  1079.08537 74.1  1684.09147   31  0 31   995.66839 83.1  1684.09177
 
 Searching  30  1 30 near   1684.09054
 29  1 29  1079.08537 74.1  1684.09157   31  1 31   995.66839 83.1  1684.09180 
 
 Searching  31  0 31 near   1726.33769
 30  0 30  1080.29476 84.2  1726.33921   32  0 32   994.19716 83.0  1726.33958
 
 Searching  31  1 31 near   1726.33825
 30  1 30  1080.29476 84.2  1726.33927   32  1 32   994.19716 83.0  1726.33961 

 Searching  32  0 32 near   1769.91284
 31  0 31  1081.49972 86.2  1769.92310   33  0 33   992.72227 89.4  1769.92341
 
 Searching  32  1 32 near   1769.92206
 31  1 31  1081.49972 86.2  1769.92314   33  1 33   992.72227 89.4  1769.92342 

 Searching  33  0 33 near   1814.84067
 32  0 32  1082.70002 83.9  1814.84244   34  0 34   991.24347 88.1  1814.84250
 
 Searching  33  1 33 near   1814.84123
 32  1 32  1082.70002 83.9  1814.84246   34  1 34   991.24347 88.1  1814.84251

 Searching  34  0 34 near   1861.09554
 33  0 33  1083.89629 90.5  1861.09742   35  0 35   989.76170 91.0  1861.09733
 
 Searching  34  1 34 near   1861.09607
 33  1 33  1083.89629 90.5  1861.09744   35  1 35   989.76170 91.0  1861.09734 

 Searching  35  0 35 near   1908.67523
 34  0 34  1085.08804 91.9  1908.68707   36  0 36   988.27747 89.6  1908.68789
 
 Searching  35  1 35 near   1908.68612
 34  1 34  1085.08804 91.9  1908.68708   36  1 36   988.27747 89.6  1908.68789

 Searching  36  0 36 near   1957.61069
 35  0 35  1086.27620 94.7  1957.61183   
 
 Searching  36  1 36 near   1957.61114
 35  1 35  1086.27620 94.7  1957.61183   

 Searching  37  0 37 near   2007.87191
 36  0 36  1087.46338 95.0  2007.87380   38  0 38   985.30140 95.5  2007.87386
 
 Searching  37  1 37 near   2007.87232
 36  1 36  1087.46338 95.0  2007.87380   38  1 38   985.30140 95.5  2007.87387
            
 Searching  38  0 38 near   2059.46055
 37  0 37  1088.64590 95.5  2059.46877   
 
 Searching  38  1 38 near   2059.46769
 37  1 37  1088.64590 95.5  2059.46877   
 Searching  39  0 39 near   2112.38907
 38  0 38  1089.83047 97.0  2112.40294   40  0 40   982.32221 94.9  2112.40305
 
 Searching  39  1 39 near   2112.40126
 38  1 38  1089.83047 97.0  2112.40294   40  1 40   982.32221 94.9  2112.40305
            
 Searching  40  0 40 near   2166.66938
 39  0 39  1091.01943 97.4  2166.67807   41  0 41   980.84037 95.9  2166.67885
 
 Searching  40  1 40 near   2166.67138
 39  1 39  1091.01943 97.4  2166.67807   41  1 41   980.84037 95.9  2166.67885
 
  Searching   1  1  1 near   1043.83527
  1  1  0  1039.66390 77.3  1043.83619    2  1  2  1036.96876 87.3  1043.83614

 Searching   2  1  2 near   1046.69932
  1  1  1  1042.70222 91.4  1046.70049    2  1  1  1039.31082 93.6  1046.70027
                                          3  1  3  1035.53454  0.0  1046.70014
 
 Searching   3  1  3 near   1050.99033
  2  1  2  1044.12413 78.8  1050.99150    3  1  2  1038.78180 93.2  1050.99123
                                          4  1  4  1034.10438 72.5  1050.99118
 
 Searching   4  1  4 near   1056.70148
  3  1  3  1045.53687 77.9  1056.70247    4  1  3  1038.07742 95.3  1056.70233
                                          5  1  5  1032.67911 76.0  1056.70249
 
 Searching   5  1  5 near   1063.82559
  4  1  4  1046.93961 69.4  1063.82641    5  1  4  1037.20076 95.4  1063.82625
                                          6  1  6  1031.25992 65.7  1063.82676
 
 Searching   6  1  6 near   1072.35271
  5  1  5  1048.33030 75.6  1072.35368    7  1  7  1029.84551 69.3  1072.35374
 
 Searching   7  1  7 near   1082.27429
  6  1  6  1049.70831 62.9  1082.27515    8  1  8  1028.43675 52.5  1082.27544
 
 Searching   8  1  8 near   1093.58111
  7  1  7  1051.07379 71.6  1093.58201    8  1  7  1033.60774 97.0  1093.58231
                                          9  1  9  1027.03234 54.0  1093.58223
 
 Searching   9  1  9 near   1106.26485
  8  1  8  1052.42706 58.4  1106.26575    9  1  8  1032.13709 97.2  1106.26563
                                         10  1 10  1025.63166 49.6  1106.26598
 
 Searching  10  1 10 near   1120.31748
  9  1  9  1053.76874 67.4  1120.31863   11  1 11  1024.23279 60.9  1120.31834

 Searching  11  1 11 near   1135.73234
 10  1 10  1055.09913 56.1  1135.73344   12  1 12  1022.83505 49.4  1135.73325

 Searching  12  1 12 near   1152.50409
 11  1 11  1056.41966 68.6  1152.50520   13  1 13  1021.43697 58.0  1152.50499

 Searching  13  1 13 near   1170.62814
 12  1 12  1057.73092 56.9  1170.62913   14  1 14  1020.03756 53.2  1170.62918                    
 
 Searching  14  1 14 near   1190.10159
 13  1 13  1059.03458 67.2  1190.10260   14  1 13  1023.91213 68.6  1190.10267
                                         15  1 15  1018.63615 65.5  1190.10261
 
 Searching  15  1 15 near   1210.92125
 14  1 14  1060.33056 56.0  1210.92218   16  1 16  1017.23178 58.2  1210.92236
 
 Searching  16  1 16 near   1233.08503
 15  1 15  1061.61962 65.9  1233.08607   17  1 17  1015.82346 62.9  1233.08602
 
 Searching  17  1 17 near   1256.59198
 16  1 16  1062.90249 61.2  1256.59307   18  1 18  1014.41162 58.3  1256.59292  
 
 Searching   1  1  0 near   1044.01298
  1  1  1  1040.01571 78.7  1044.01397    
 
 Searching   2  1  1 near   1047.23762
  1  1  0  1043.06649 87.2  1047.23878    3  1  2  1035.02903 77.8  1047.23845
  
 Searching   3  1  2 near   1052.06693
  2  1  1  1044.67839 84.0  1052.06784    4  1  3  1033.44310 80.4  1052.06801
 
 Searching   4  1  3 near   1058.49401
  3  1  2  1046.28543 76.4  1058.49486    5  1  4  1031.86966 64.3  1058.49515

 Searching   5  1  4 near   1066.50841
  4  1  3  1047.88447 81.0  1066.50938    6  1  5  1030.31238 68.3  1066.50944
 
 Searching   6  1  5 near   1076.09594
  5  1  4  1049.47156 68.7  1076.09704    7  1  6  1028.77563 53.3  1076.09684
 
 Searching   7  1  6 near   1087.23780
  6  1  5  1051.04090 74.1  1087.23796    8  1  7  1027.26399 57.9  1087.23856
 
 Searching   8  1  7 near   1099.90759
  7  1  6  1052.58735 70.5  1099.90856    8  1  8  1046.06962 97.9  1099.90830
                                          9  1  8  1025.78037 45.1  1099.90891
 
 Searching   9  1  8 near   1114.07855
  8  1  7  1054.10502 74.3  1114.07959   10  1  9  1024.32989  0.0  1114.07952
 
 Searching  10  1  9 near   1129.71472
  9  1  8  1055.58707 68.6  1129.71561   11  1 10  1022.91472 46.8  1129.71583
 
 Searching  11  1 10 near   1146.77840
 10  1  9  1057.02973 73.3  1146.77936   12  1 11  1021.53345 58.2  1146.77945

 Searching  12  1 11 near   1165.23117
 11  1 10  1058.43081 69.8  1165.23192   13  1 12  1020.18101 46.6  1165.23207
 
 Searching  13  1 12 near   1185.03932
 12  1 11  1059.79419 75.8  1185.04018   14  1 13  1018.84994 60.7  1185.04048
 
 Searching  14  1 13 near   1206.17591
 13  1 12  1061.12587 63.7  1206.17694   15  1 14  1017.52883 47.2  1206.17692
 
 Searching  15  1 14 near   1228.62513
 14  1 13  1062.43544 73.2  1228.62598   16  1 15  1016.21000 61.0  1228.62630
 
 Searching  16  1 15 near   1252.37901
 15  1 14  1063.73178 67.6  1252.37987   17  1 16  1014.88566 57.6  1252.38017
 
 Searching  17  1 16 near   1277.43835
 16  1 15  1065.02283 76.8  1277.43913   18  1 17  1013.55358 65.8  1277.43958
 
 Searching  18  1 17 near   1303.79644
 17  1 16  1066.30320 77.8  1303.79771   19  1 18  1012.20146 94.9  1303.79720
 
 Searching  19  1 18 near   1331.47054
 18  1 17  1067.58552 80.1  1331.47153   20  1 19  1010.84272 65.2  1331.47157
 
 Searching  20  1 19 near   1360.46955
 19  1 18  1068.87466 74.8  1360.47040   21  1 20  1009.48083 63.0  1360.47070
 
 Searching  21  1 20 near   1390.78880
 20  1 19  1070.16093 83.3  1390.78978   22  1 21  1008.10734 73.2  1390.78981
             
 Searching  22  1 21 near   1422.43414
 21  1 20  1071.44528 79.8  1422.43516   23  1 22  1006.72571 67.5  1422.43510
             
 Searching  23  1 22 near   1455.40891
 22  1 21  1072.72742 87.9  1455.40989   24  1 23  1005.33724 77.8  1455.40987
             
 Searching  24  1 23 near   1489.71511
 23  1 22  1074.00624 79.6  1489.71562   25  1 24  1003.94293 75.5  1489.71653
             
 Searching  25  1 24 near   1525.35495
 24  1 23  1075.28266 88.8  1525.35529   26  1 25  1002.54334 68.5  1525.35648
 
 Searching  25  2 24 near   1525.37358
 24  2 23  1075.26205 85.7  1525.37484   26  2 25  1002.54334 68.5  1525.37421
              
 Searching  26  1 25 near   1562.32807
                                         27  1 26  1001.13726 81.6  1562.32907
 Searching  26  2 25 near   1562.34125
                                         27  2 26  1001.13726 81.6  1562.34076
                                      
 Searching  27  1 26 near   1600.63578
 26  1 25  1077.82235 92.2  1600.63550   
 
 Searching  27  2 26 near   1600.64486
 26  2 25  1077.81511 89.3  1600.64598   28  2 27   999.72803 82.0  1600.64555 
           
 Searching  28  1 27 near   1640.27718
 27  1 26  1079.08537 74.1  1640.27718   29  1 28   998.31084 79.3  1640.27812

 Searching  28  2 27 near   1640.28229
 27  2 26  1079.08537 74.1  1640.28887   
 Searching  29  1 28 near   1681.25271
 28  1 27  1080.345   86.5  1681.25150   
 
 Searching  29  2 28 near   1681.25818
 28  2 27  1080.34166 86.5  1681.25918   30  2 29   996.89158 83.8  1681.25890
           
 Searching  30  1 29 near   1723.56523 
 29  1 28  1081.59914 86.2  1723.56642   

 Searching  30  2 29 near   1723.56981
 31  2 30   995.46775 81.1  1723.56982
            
 Searching  31  1 30 near   1767.21219
 30  1 29  1082.84894 90.2  1767.21299   
 
 Searching  31  2 30 near   1767.21522
 30  2 29  1082.84894 90.2  1767.21627   
 Searching  32  1 31 near   1812.19313
 31  1 30  1084.09469 91.3  1812.19463   
 Searching  32  2 31 near   1812.19564
 31  2 30  1084.09469 91.3  1812.19675   33  2 32   992.60728 87.8  1812.19606 
             
 Searching  33  1 32 near   1858.50921
 32  1 31  1085.33580 92.3  1858.51046   34  1 33   991.17223 89.3  1858.51144

 Searching  33  2 32 near   1858.51119
 32  2 31  1085.33580 92.3  1858.51184   34  2 33   991.17223 89.3  1858.51202
             
 Searching  34  1 33 near   1906.16056
 33  1 32  1086.57354 93.4  1906.16142   35  1 34   989.73291 90.8  1906.16112
 
 Searching  34  2 33 near   1906.16119
 33  2 32  1086.57354 93.4  1906.16231   35  2 34   989.73291 90.8  1906.16148
          
 Searching  35  1 34 near   1955.14480
 34  1 33  1087.80592 95.4  1955.14513   36  1 35   988.29141 87.6  1955.14583
 
 Searching  35  2 34 near   1955.14520
 34  2 33  1087.80592 95.4  1955.14570   36  2 35   988.29141 87.6  1955.14607
                                                  
 Searching  36  1 35 near   2005.46228
 35  1 34  1089.03472 94.5  2005.46292   37  1 36   986.84499 93.2  2005.46235
 
 Searching  36  2 35 near   2005.46224
 35  2 34  1089.03472 94.5  2005.46329   37  2 36   986.84499 93.2  2005.46250
         
 Searching  37  1 36 near   2057.11341
 36  1 35  1090.25971 97.2  2057.11413   38  1 37   985.39745 90.9  2057.11396
 Searching  37  2 36 near   2057.11357
 36  2 35  1090.25971 97.2  2057.11436   38  2 37   985.39745 90.9  2057.11406
                                                  
 Searching  38  1 37 near   2110.09586
 37  1 36  1091.477   98.0  2110.094     39  1 38   983.94164 95.3  2110.09300
 
 Searching  39  1 38 near   2164.42031
 38  1 37  1092.69764 97.8  2164.41415   

 Searching  40  1 39 near   2220.06341  
 39  1 38  1093.91159 97.7  2220.06294
 
  Searching   2  2  1 near   1054.87602
  2  2  0  1040.04939 80.4  1054.87708    3  2  2  1035.49354 91.5  1054.87696
 
 Searching   3  2  2 near   1059.44187
  2  2  1  1044.62392 88.7  1059.44276    4  2  3  1033.98048 79.1  1059.44299
             
 Searching   4  2  3 near   1065.52202
  3  2  2  1046.13962 85.8  1065.52304    5  2  4  1032.47289 78.3  1065.52302
            
 Searching   5  2  4 near   1073.11088
  4  2  3  1047.64946 73.6  1073.11197    6  2  5  1030.97294 63.9  1073.11179
             
 Searching   6  2  5 near   1082.20068
  5  2  4  1049.15155 76.9  1082.20168    6  2  4  1039.47430 92.5  1082.20159
                                          7  2  6  1029.48182 68.2  1082.20169
            
 Searching   7  2  6 near   1092.78194
  6  2  5  1050.64433 63.5  1092.78318    7  2  5  1039.04101 91.5  1092.78281
                                          8  2  7  1027.99966 54.8  1092.78272
            
 Searching   8  2  7 near   1104.84435
  7  2  6  1052.12541 74.3  1104.84528    8  2  6  1038.43839 95.0  1104.84582
                                          9  2  8  1026.52821 64.6  1104.84544
            
 Searching   9  2  8 near   1118.37676
  8  2  7  1053.59494 62.0  1118.37800   10  2  9  1025.06726 49.1  1118.37752
          
 Searching  10  2  9 near   1133.36620
  9  2  8  1055.04991 75.7  1133.36714   10  2  8  1036.68138 94.6  1133.36714
                                         11  2 10  1023.61783 57.7  1133.36726
           
 Searching  11  2 10 near   1149.79943
 10  2  9  1056.49006 63.3  1149.80033   11  2  9  1035.52900 94.5  1149.80053
                                         12  2 11  1022.17880 45.7  1149.80055
             
 Searching  12  2 11 near   1167.66394
 11  2 10  1057.91552 68.4  1167.66495   13  2 12  1020.75059 59.8  1167.66494
            
 Searching  13  2 12 near   1186.94557
 12  2 11  1059.32456 45.0  1186.94632   13  2 11  1032.72796 93.5  1186.94691
                                         14  2 13  1019.33202 34.8  1186.94684
         
 Searching  14  2 13 near   1207.63143
 13  2 12  1060.71807 71.7  1207.63242   14  2 12  1031.11375 96.9  1207.63297
                                         15  2 14  1017.92084 62.2  1207.63245
           
 Searching  15  2 14 near   1229.71078
 14  2 13  1062.09681 63.6  1229.71163   16  2 15  1016.51770 57.5  1229.71195
           
 Searching  16  2 15 near   1253.17148
 15  2 14  1063.46091 76.1  1253.17252   17  2 16  1015.11890 67.0  1253.17246
             
 Searching  17  2 16 near   1278.00528
 16  2 15  1064.81179 68.9  1278.00605   
 Searching  18  2 17 near   1304.20312
 17  2 16  1066.15116 75.6  1304.20473   
 Searching  19  2 18 near   1331.75961
 18  2 17  1067.47883 71.5  1331.76057   20  2 19  1010.94065 62.9  1331.76067
           
 Searching  20  2 19 near   1360.66846
 19  2 18  1068.79712 82.2  1360.66942   21  2 20  1009.54873 70.6  1360.66950
             
 Searching  21  2 20 near   1390.92595
 20  2 19  1070.10696 79.3  1390.92698   21  2 19  1018.41114 95.7  1390.92704
                                         22  2 21  1008.15555 63.7  1390.92690
           
 Searching  22  2 21 near   1422.52883
 21  2 20  1071.40262 87.9  1422.52339   23  2 22  1006.75465 75.1  1422.52396
           
 Searching  23  2 22 near   1455.47584
 22  2 21  1072.70548 82.8  1455.47683   23  2 21  1015.03495 95.8  1455.47673
                                         24  2 23  1005.36400 73.9  1455.47679
            
 Searching  24  2 23 near   1489.77399
 25  2 24  1003.97401 80.2  1489.77434
 
  Searching   2  2  0 near   1054.88534
  2  2  1  1040.06764 75.1  1054.88648    3  2  1  1035.45870 87.9  1054.88621
 
 Searching   3  2  1 near   1059.48705
  2  2  0  1044.65974 80.8  1059.48743    
 Searching   4  2  2 near   1065.65781
  3  2  1  1046.23114 78.3  1065.65865    4  2  3  1040.19588 77.8  1065.65839
                                          5  2  3  1032.30727 70.6  1065.65897
 
 Searching   5  2  3 near   1073.42281
  4  2  2  1047.83007 80.7  1073.42380    5  2  4  1040.37356 76.7  1073.42369
                                          6  2  4  1030.69653 71.4  1073.42383
 
 Searching   6  2  4 near   1082.80859
  5  2  3  1049.45787 72.4  1082.80957    6  2  5  1040.67105 91.4  1082.80990
                                          7  2  5  1029.06783 58.6  1082.80964
 
 Searching   7  2  5 near   1093.83798
  6  2  4  1051.11178 77.6  1093.83907    8  2  6  1027.43149 61.1  1093.83891
 
 Searching   8  2  6 near   1106.52291
  7  2  5  1052.78187 71.0  1106.52368    8  2  7  1041.74096 95.9  1106.52403
                                          9  2  7  1025.79895 47.4  1106.52415
 
 Searching   9  2  7 near   1120.86414
  8  2  6  1054.45766 78.4  1120.86508    9  2  8  1042.54834 97.2  1120.86557
                                         10  2  8  1024.17945 57.7  1120.86521
 
 Searching  10  2  8 near   1136.85253
  9  2  7  1056.12833 66.1  1136.85353   11  2  9  1022.58204 42.5  1136.85356
 
 Searching  11  2  9 near   1154.46901
 10  2  8  1057.78409 54.6  1154.46985   11  2 10  1044.72109 97.4  1154.47052
                                         12  2 10  1021.01143 60.9  1154.47020
 
 Searching  12  2 10 near   1173.68997
 11  2  9  1059.41949 69.2  1173.69102   13  2 11  1019.47200 45.3  1173.69095
 
 Searching  13  2 11 near   1194.48528
                                         13  2 12  1047.57225 98.4  1194.48659
                                         14  2 12  1017.96734 44.9  1194.48656
 
 Searching  14  2 12 near   1216.82057
 13  2 11  1062.60247 70.6  1216.82141   15  2 13  1016.49901 52.2  1216.82177
                                         
 
 Searching  15  2 13 near   1240.65720
 16  2 14  1015.06754 46.8  1240.65697
 
 Searching  16  2 14 near   1265.95741
 15  2 13  1065.63558 76.0  1265.95834   17  2 15  1013.68117 50.1  1265.95853
 
 Searching  17  2 15 near   1292.67474
 16  2 14  1067.08508 80.3  1292.67451   
 
 Searching  18  2 16 near   1320.76595
 17  2 15  1068.48945 79.7  1320.76682   19  2 17  1011.00845 57.1  1320.76714
 
 Searching  19  2 17 near   1350.19664
 18  2 16  1069.85189 87.0  1350.19770   20  2 18  1009.70961 70.0  1350.19765
 
 Searching  20  2 18 near   1380.93736
 19  2 17  1071.17405 90.1  1380.93274   21  2 19  1008.41664 99.1  1380.93253
 
 Searching  21  2 19 near   1412.97022
 20  2 18  1072.48311 87.4  1412.97115   22  2 20  1007.13735 73.1  1412.97135
 
 Searching  22  2 20 near   1446.28659
 21  2 19  1073.77166 86.3  1446.28756   23  2 21  1005.84590 64.7  1446.28768

 Searching  23  2 21 near   1480.88652
 22  2 20  1075.05348 89.7  1480.88747   24  2 22  1004.54402 78.2  1480.88760
 
 Searching  24  2 22 near   1516.77442
 23  2 21  1076.33323 88.8  1516.77501   25  2 23  1003.22979 75.8  1516.77581
 
 Searching  25  2 23 near   1553.95721
 24  2 22  1077.61458 91.5  1553.95815   26  2 24  1001.90197 82.4  1553.95824
 
 Searching  26  2 24 near   1592.44240
 25  2 23  1078.89708 90.5  1592.44311   27  2 25  1000.56275 82.1  1592.44359
 
 Searching  27  2 25 near   1632.23836
 26  2 24  1080.18205 94.5  1632.23831    
 Searching  28  2 26 near   1673.34745
 27  2 25  1081.46720 92.0  1673.34804   29  2 27   997.85472 84.8  1673.34863
 
 Searching  29  2 27 near   1715.77695
 28  2 26  1082.75253 95.4  1715.77780   30  2 28   996.48772 90.1  1715.77781
 
 Searching  30  2 28 near   1759.52710
 29  2 27  1084.03399 95.5  1759.52790   31  2 29   995.11171 85.6  1759.52792

 Searching  31  2 29 near   1804.60542
 30  2 28  1085.31631 96.9  1804.60640   32  2 30   993.73199 94.3  1804.60597
 
 Searching  31  3 29 near   1804.68225
 30  3 28  1085.31633 63.4  1804.68312   

 Searching  32  2 30 near   1851.01028
 31  2 29  1086.59454 96.9  1851.01076   
 
 Searching  32  3 30 near   1851.06261
 31  3 29  1086.59478 58.3  1851.06327   
 Searching  33  2 31 near   1898.73143
 32  2 30  1087.87001 72.9  1898.74398   

 Searching  34  2 32 near   1947.80600
 33  2 31  1089.14216 57.2  1947.80666   
 
 Searching  34  3 32 near   1947.80600
 33  3 31  1089.14216 57.2  1947.83057   
 Searching  35  2 33 near   1998.19900
 34  2 32  1090.41017 34.1  1998.19869   35  2 34  1081.76981 72.3  1998.19838
 
 Searching  35  3 33 near   1998.19800
 34  3 32  1090.41017 34.1  1998.21475   
 Searching  36  2 34 near   2049.92000
 35  2 33  1091.67479 76.9  2049.92118   
            
 Searching  36  3 34 near   2049.92164
 35  3 33  1091.68558 76.2  2049.94271   36  3 33  1000.43073 59.3  2049.94232
                                         
 Searching  37  2 35 near   2102.97828
 36  2 34  1092.93444 76.1  2102.97270   
 Searching  37  3 35 near   2102.97961
 36  3 34  1092.93444 76.1  2102.97986   37  3 34   998.92810 84.0  2102.97939
                                         
 Searching  38  2 36 near   2157.35684
 37  2 35  1094.19199 58.4  2157.35609   
 Searching  38  3 36 near   2157.36026
 37  3 35  1094.19199 58.4  2157.36084   39  3 37   983.94188 40.5  2157.36082

 Searching  39  2 37 near   2213.08393
 38  2 36  1095.44600 80.0  2213.06972   
 Searching  39  3 37 near   2213.08599
 38  3 36  1095.44600 80.0  2213.07287   39  3 36   995.97140 81.9  2213.07261
                                         40  3 38   982.52809 63.9  2213.07261
 
 Searching  40  2 38 near   2270.11400
 39  2 37  1096.69660 87.9  2270.11346   
 Searching  40  3 38 near   2270.12557
 39  3 37  1096.69660 87.9  2270.11554   
 Searching  41  2 39 near   2328.49339
 40  2 38  1097.94260 93.8  2328.48576   42  2 40   979.69243 87.8  2328.48593
 
 Searching  41  3 39 near   2328.49427
 40  3 38  1097.94260 93.8  2328.48712   42  3 40   979.69243 87.8  2328.48651
                            
 Searching  42  2 40 near   2388.18700
 41  2 39  1099.18168 94.3  2388.18387   
 Searching  42  3 40 near   2388.18387
 41  3 39  1099.18168 94.3  2388.18477   
 Searching  43  2 41 near   2449.20800
 42  2 40  1100.41942 95.7  2449.21292
 
 Searching  43  3 41 near   2449.21292
 42  3 40  1100.41942 95.7  2449.21350   43  3 40   990.09734 78.3  2449.21396 
 
  Searching   3  3  1 near   1072.62279
  4  3  2  1034.31654 81.8  1072.62335
  
 Searching   3  3  0 near   1072.62364
  4  3  1  1034.31654 81.8  1072.62532
 Searching   4  3  2 near   1078.72815
  3  3  1  1046.52547 82.2  1078.72961    
 Searching   4  3  1 near   1078.72924
  3  3  0  1046.52547 82.2  1078.72989    
 Searching   5  3  3 near   1086.35561
 6  3  4  1031.24521 97.1  1086.35595
                                          
 Searching   6  3  4 near   1095.53771
7  3  5  1029.72205 73.8  1095.53882
 
 Searching   7  3  5 near   1106.24809
  6  3  4  1051.13825 70.3  1106.24899    8  3  6  1028.18889 57.9  1106.24923
 
 Searching   8  3  6 near   1118.49697
  7  3  5  1052.68130 78.4  1118.49807    9  3  7  1026.65728 65.3  1118.49788
 
 Searching   9  3  7 near   1132.28319
  8  3  6  1054.22373 70.5  1132.28408    9  3  6  1040.19588 77.8  1132.28440
                                         10  3  8  1025.12963 52.2  1132.28434
 
 Searching  10  3  8 near   1147.60453
  9  3  7  1055.76483 76.7  1147.60543   10  3  7  1040.00173 91.9  1147.60536
                                         11  3  9  1023.60795 61.9  1147.60568
 
 Searching  11  3  9 near   1164.45505
 10  3  8  1057.30132 66.9  1164.45604   11  3  8  1039.69935 90.9  1164.45616
                                         12  3 10  1022.09358 50.8  1164.45610
 
 Searching  12  3 10 near   1182.82764
 11  3  9  1058.83100 74.0  1182.82873   12  3  9  1039.25653 94.4  1182.82834
                                         13  3 11  1020.58867 60.0  1182.82859
 
 Searching  13  3 11 near   1202.71330
 12  3 10  1060.35160 66.9  1202.71412   13  3 10  1038.64686 92.2  1202.71403
                                         14  3 12  1019.09556 51.8  1202.71453
 
 Searching  14  3 12 near   1224.09961
 13  3 11  1061.86064 75.3  1224.10056   14  3 11  1037.84828 95.6  1224.10057
                                         15  3 13  1017.61354 64.9  1224.10070
 
 Searching  15  3 13 near   1246.97476
 14  3 12  1063.35668 72.8  1246.97565   15  3 12  1036.85051 93.7  1246.97573
                                         16  3 14  1016.14506 51.7  1246.97593
 
 Searching  16  3 14 near   1271.32418
 15  3 13  1064.83783 80.8  1271.32500   16  3 13  1035.65235 94.9  1271.32507
                                         17  3 15  1014.68973 61.6  1271.32542
 
 Searching  17  3 15 near   1297.13313
 16  3 14  1066.30320 77.8  1297.13407   17  3 14  1034.26192 95.0  1297.13405
                                         18  3 16  1013.24733 58.8  1297.13424
 
 Searching  18  3 16 near   1324.38591
 17  3 15  1067.75074 76.4  1324.38644   
 Searching  19  3 17 near   1353.06876
 18  3 16  1069.18279 79.0  1353.06970   20  3 18  1010.39935 58.5  1353.06986
 
 Searching  20  3 18 near   1383.16604
 20  3 17  1029.11042 97.2  1383.16711
                                         21  3 19  1008.99183 72.4  1383.16728
 
 Searching  21  3 19 near   1414.66419
 20  3 18  1071.99465 83.9  1414.66516   21  3 18  1027.14965 96.5  1414.66535
                                         22  3 20  1007.59263 63.7  1414.66524
 
 Searching  22  3 20 near   1447.55170
 21  3 19  1073.37715 90.1  1447.55261   23  3 21  1006.20162 74.7  1447.55280
 
 Searching  23  3 21 near   1481.81658
 22  3 20  1074.74469 88.2  1481.81731   23  3 20  1023.05571 94.4  1481.81789
                                         24  3 22  1004.81601 60.6  1481.81783
 
 Searching  24  3 22 near   1517.44960
 23  3 21  1076.09931 91.0  1517.45049   25  3 23  1003.43401 76.9  1517.45066

 Searching  25  3 23 near   1554.44211
 25  3 22  1018.96029 97.3  1554.44437
                                         26  3 24  1002.05517 76.5  1554.44433
 
 Searching  26  3 24 near   1592.79146
 25  3 23  1078.77587 94.0  1592.79251   26  3 23  1016.98467 97.8  1592.79222
                                         27  3 25  1000.67814 84.4  1592.79227
                                           
 Searching  27  3 25 near   1632.50218
 26  3 24  1080.11286 10.8  1632.50202   
 Searching  28  3 26 near   1673.57000
 27  3 25  1081.46755 28.8  1673.58167  
 Searching  29  3 27 near   1715.92553
 28  3 26  1082.73321 59.8  1715.92063   
 Searching  30  3 28 near   1759.63160
 29  3 27  1084.02702 21.0  1759.63282   31  3 29   995.16351 30.6  1759.63200
 
  Searching   5  3  2 near   1086.37315
  4  3  1  1048.06559 72.4  1086.37437    6  3  3  1031.23978 76.1  1086.37394
  
 Searching   6  3  3 near   1095.56200
 N5  3  2  1049.61360 78.8  1095.56288    6  3  4  1040.45248 82.1  1095.56321
                                          7  3  4  1029.68830 63.7  1095.56315
  
 Searching   7  3  4 near   1106.30841
 N6  3  3  1051.17530 78.8  1106.30946    8  3  5  1028.12283 70.8  1106.30938
  
 Searching   8  3  5 near   1118.62363
  8  3  6  1040.56859 86.7  1118.62893
                                          9  3  6  1026.54048 48.5  1118.62900
  
 Searching   9  3  6 near   1132.54066
  8  3  5  1054.35491 78.1  1132.54147    9  3  7  1040.70089 92.4  1132.54149
                                         10  3  7  1024.93826 35.2  1132.54189
 
 Searching  10  3  7 near   1148.06982
  9  3  6  1055.98231 70.2  1148.07082   11  3  8  1023.31405 48.3  1148.07085
 
 Searching  11  3  8 near   1165.24227
 10  3  7  1057.63893 79.4  1165.24257   11  3  9  1041.24497 91.8  1165.24270
                                         
 Searching  12  3  9 near   1184.08017
 11  3  8  1059.32456 45.0  1184.08137   12  3 10  1041.71851 94.0  1184.08102
                                         13  3 10  1020.01384 47.1  1184.08101
 
 Searching  13  3 10 near   1204.60518
 12  3  9  1061.03446 65.2  1204.60627   14  3 11  1018.35384 61.1  1204.60614
 
 Searching  14  3 11 near   1226.82514
 13  3 10  1062.75885 75.7  1226.82602   15  3 12  1016.70110 50.5  1226.82631
 
 Searching  15  3 12 near   1250.73870
 14  3 11  1064.48693 82.6  1250.73922   16  3 13  1015.06754 46.8  1250.74026
 
 Searching  16  3 13 near   1276.33162
 15  3 12  1066.20784 73.6  1276.33305   17  3 14  1013.46014 53.6  1276.33226
 
 Searching  17  3 14 near   1303.57967
 16  3 13  1067.90792 85.8  1303.58064   18  3 15  1011.88728 59.8  1303.58081
 
 Searching  18  3 15 near   1332.45286
 17  3 14  1069.58164 82.0  1332.45377   19  3 16  1010.35249 49.3  1332.45408
 
 Searching  19  3 16 near   1362.91416
 18  3 15  1071.22175 90.1  1362.91528   20  3 17  1008.85852 63.7  1362.91520
 
 Searching  20  3 17 near   1394.92263
 19  3 16  1072.82195 87.1  1394.92354   21  3 18  1007.40822 60.5  1394.92392
 
 Searching  21  3 18 near   1428.43376
 20  3 17  1074.37789 92.4  1428.43458   22  3 19  1006.00218 67.8  1428.43517
 
 Searching  22  3 19 near   1463.40042
 21  3 18  1075.88581 89.5  1463.40151   23  3 20  1004.63941 62.7  1463.40159
 
 Searching  23  3 20 near   1499.77452
 22  3 19  1077.34248 93.8  1499.77547   23  3 21  1058.42444 96.0  1499.77562
                                         24  3 21  1003.31700 77.7  1499.77586
 
 Searching  24  3 21 near   1537.51064
 23  3 20  1078.74961 92.3  1537.51179   25  3 22  1002.02772 74.8  1537.51180
 
 Searching  25  3 22 near   1576.56963
 24  3 21  1080.11277 89.9  1576.57163   
 Searching  26  3 23 near   1616.91844
 25  3 22  1081.43537 94.8  1616.91945   27  3 24   999.51022 79.2  1616.91976
             
 Searching  27  3 24 near   1658.55970
 26  3 23  1082.75253 95.4  1658.56007   
             
 Searching  28  3 25 near   1701.44303
 27  3 24  1084.03399 95.5  1701.44352  
 Searching  29  3 26 near   1745.56768
 28  3 25  1085.28770 93.6  1745.56851   30  3 27   995.73500 92.3  1745.56909
             
 Searching  30  3 27 near   1790.98033
 29  3 26  1086.56075 97.5  1790.98141   31  3 28   994.45231 45.7  1790.98146
         
 Searching  31  3 28 near   1837.66918
 30  3 27  1087.83718 96.8  1837.67128   
 Searching  32  3 29 near   1885.64157
 31  3 28  1089.11412 68.7  1885.64327   33  3 30   991.84473 29.9  1885.64376
          
 Searching  33  3 30 near   1934.91962
 32  3 29  1090.41017 34.1  1934.92483   34  3 31   990.53527 29.9  1934.92483
            
 Searching  34  3 31 near   1985.48948
 33  3 30  1091.70336 79.8  1985.50240   
 Searching  35  3 32 near   2037.36692
 34  3 31  1092.97620 86.4  2037.36576 
 
  Searching   4  4  1 near   1097.15773
                                          5  4  2  1033.29573 80.3  1097.15073

 Searching   4  4  0 near   1097.15774
                                          5  4  1  1033.29573 80.3  1097.15080
                                         
 Searching   5  4  2 near   1104.77633
  4  4  1  1048.55118 81.8  1104.77977    6  4  3  1031.76692 69.1  1104.77973
  
 Searching   5  4  1 near   1104.77840
  4  4  0  1048.55118 81.8  1104.77978    6  4  2  1031.76692 69.1  1104.78006

 Searching   6  4  3 near   1113.93701
  5  4  2  1050.08572 72.5  1113.94072    7  4  4  1030.23495 58.5  1113.94018                                         
  
 Searching   6  4  2 near   1113.93935
  5  4  1  1050.08572 72.5  1113.94079    7  4  3  1030.23495 58.5  1113.94140
                                       
 Searching   7  4  4 near   1124.63608
  6  4  3  1051.62446 69.6  1124.63728    
 
 Searching   7  4  3 near   1124.63635
  6  4  2  1051.62446 69.6  1124.63761   
                                        
 
 Searching   8  4  5 near   1136.86424
  7  4  4  1053.17012 66.6  1136.87535    
 
 Searching   8  4  4 near   1136.87502
  7  4  3  1053.17012 66.6  1136.87657    
 Searching   9  4  6 near   1150.64935
  8  4  5  1054.71476 68.1  1150.65057   10  4  7  1025.62413 59.5  1150.65047
 
 Searching  10  4  7 near   1165.97427
  9  4  6  1056.26741 79.9  1165.97569   
 
 Searching  11  4  8 near   1182.85049
 10  4  7  1057.82498 73.6  1182.85132   11  4  7  1040.91181 86.3  1182.85129
                                         12  4  9  1022.53905 57.3  1182.85112
 
 Searching  12  4  9 near   1201.27883
 11  4  8  1059.38631 79.7  1201.27969   12  4  8  1040.87679 91.6  1201.27975
                                         13  4 10  1020.99578 66.1  1201.27990
 
 Searching  13  4 10 near   1221.26202
 12  4  9  1060.95098 74.0  1221.26306   13  4  9  1040.81048 90.4  1221.26306
                                         
 
 Searching  14  4 11 near   1242.80032
 13  4 10  1062.51721 79.7  1242.80133   14  4 10  1040.69571 93.2  1242.80146
                                         
 
 Searching  15  4 12 near   1265.89218
 14  4 11  1064.08359 71.4  1265.89334   16  4 13  1016.37960 56.1  1265.89342
 
 Searching  16  4 13 near   1290.53499
 15  4 12  1065.64778 80.4  1290.53528   16  4 12  1040.22638 96.1  1290.53532
                                         17  4 14  1014.85216 67.3  1290.53522
 
 Searching  17  4 14 near   1316.72087
 16  4 13  1067.20767 79.7  1316.72149   18  4 15  1013.33378 57.5  1316.72115
 
 Searching  18  4 15 near   1344.44170
 17  4 14  1068.75988 88.2  1344.44295   18  4 14  1039.24085 94.6  1344.44217
                                         
 
 Searching  19  4 16 near   1373.68820
 18  4 15  1070.30261 83.6  1373.68998   19  4 15  1038.48229 96.1  1373.69011
                                         20  4 17  1010.33054 64.8  1373.69007
 
 Searching  20  4 17 near   1404.44915
 20  4 16  1037.51592 97.7  1404.45022
                                         21  4 18  1008.84863 70.5  1404.45074
 
 Searching  21  4 18 near   1436.70968
 21  4 17  1036.33468 95.1  1436.71111
                                         22  4 19  1007.38127 64.8  1436.71117
 
 Searching  22  4 19 near   1470.45368
 21  4 18  1074.85287 91.1  1470.45498   23  4 20  1005.92800 75.6  1470.45544
 
 Searching  23  4 20 near   1505.67290
 22  4 19  1076.33841 89.8  1505.66831   24  4 21  1004.48955 73.8  1505.66844
 
 Searching  24  4 21 near   1542.33212
 23  4 20  1077.80580 94.2  1542.33324   24  4 20  1031.54857 97.7  1542.33328
                                         
 
 Searching  25  4 22 near   1580.43360
 24  4 21  1079.25588 92.7  1580.43477   26  4 23  1001.65393 78.2  1580.43479
 
 Searching  26  4 23 near   1619.96401
 25  4 22  1080.68785 96.1  1619.95632   27  4 24  1000.25495 86.2  1619.95656
 
 Searching  27  4 24 near   1660.88919
 26  4 23  1082.10932 90.0  1660.89019   27  4 23  1025.34754 78.0  1660.89024
                                         
 
 Searching  28  4 25 near   1703.20328
 27  4 24  1083.50269 94.8  1703.20430   29  4 26   997.48759 89.9  1703.20381
 
 Searching  29  4 26 near   1746.90375
 28  4 25  1084.88740 96.8  1746.90478   30  4 27   996.11683 89.8  1746.90447
 
 Searching  30  4 27 near   1791.97810
 29  4 26  1086.26298 97.2  1791.97920   31  4 28   994.75606 92.3  1791.97875
 
 Searching  31  4 28 near   1838.39443
 30  4 27  1087.60832 97.8  1838.39596  
 
  Searching   9  4  5 near   1150.65912
  8  4  4  1054.72081 80.9  1150.66026    9  4  6  1040.95191 87.5  1150.66019
                                         10  4  6  1025.61218 68.0  1150.66028
 
 Searching  10  4  6 near   1165.99788
  9  4  5  1056.28062 74.4  1165.99831   10  4  7  1040.97201 82.9  1165.99835
                                         11  4  7  1024.05866 51.1  1165.99814
 
 Searching  11  4  7 near   1182.89740
 10  4  6  1057.85065 78.8  1182.89876   11  4  8  1041.00576 90.4  1182.89913
                                         12  4  8  1022.49609 62.5  1182.89905
 
 Searching  12  4  8 near   1201.37227
 11  4  7  1059.43427 68.6  1201.37375   12  4  9  1041.06204 89.5  1201.37412
                                         13  4  9  1020.92168 56.3  1201.37426
 
 Searching  13  4  9 near   1221.43606
 12  4  8  1061.03446 65.2  1221.43742   14  4 10  1019.33202 34.8  1221.43777
 
 Searching  14  4 10 near   1243.10785
 13  4  9  1062.65607 74.5  1243.10864   14  4 11  1041.29894 90.3  1243.10869
                                         
 
 Searching  15  4 11 near   1266.40727
 14  4 10  1064.30233 82.5  1266.40808   16  4 12  1016.09928 65.2  1266.40823
 
 Searching  16  4 12 near   1291.35985
 15  4 11  1065.97721 77.0  1291.36053   17  4 13  1014.45327 54.3  1291.36062
  
 Searching  17  4 13 near   1317.99016
 16  4 12  1067.68269 86.5  1317.99163   17  4 14  1042.30851 96.5  1317.99157
                                         18  4 14  1012.79013 69.8  1317.99145
 
 Searching  18  4 14 near   1346.32268
 17  4 13  1069.41664 81.9  1346.32399   19  4 15  1011.11521 57.4  1346.32304

 Searching  19  4 15 near   1376.37476
 18  4 14  1071.17405 90.1  1376.37538   20  4 16  1009.44175 65.1  1376.37605
 
 Searching  20  4 16 near   1408.15284
 19  4 15  1072.94559 82.0  1408.15342   
 
 Searching  21  4 17 near   1441.65312
 20  4 16  1074.71999 93.0  1441.65429   22  4 18  1006.13647 69.6  1441.65444
 
 Searching  22  4 18 near   1476.85750
 21  4 17  1076.48244 92.7  1476.85888   23  4 19  1004.52674 67.9  1476.85904
 
 Searching  23  4 19 near   1513.73921
 22  4 18  1078.22244 94.8  1513.74041   
 
 Searching  24  4 20 near   1552.26119
 23  4 19  1079.93074 94.5  1552.26304   25  4 21  1001.42866 70.9  1552.26320
 
 Searching  25  4 21 near   1592.42128
 24  4 20  1081.63793 98.2  1592.42264   26  4 22   999.98575 89.5  1592.42241
 
 Searching  26  4 22 near   1634.05575
 25  4 21  1083.22263 95.7  1634.05716   27  4 23   998.51531 76.5  1634.05801
 
 Searching  27  4 23 near   1677.23153
 26  4 22  1084.79642 98.1  1677.23309   28  4 24   997.13122 87.7  1677.23347
 
 Searching  28  4 24 near   1721.86153
 27  4 23  1086.31600 97.5  1721.85870   29  4 25   995.79363 78.1  1721.85844
 
 Searching  29  4 25 near   1767.88067
 28  4 24  1087.78062 78.2  1767.88287   30  4 26   994.50021 21.8  1767.88270
           
 Searching  30  4 26 near   1815.25372
 29  4 25  1089.19036 77.0  1815.25517   31  4 27   993.24189 18.7  1815.25527
             
 Searching  31  4 27 near   1863.92812
 30  4 26  1090.55146 82.5  1863.93395   32  4 28   992.00944 34.4  1863.93414
           
 Searching  32  4 28 near   1913.88325
 31  4 27  1091.87126 74.4  1913.88464   33  4 29   990.79046 27.9  1913.88522
             
 Searching  33  4 29 near   1965.08557
 32  4 28  1093.15413 87.8  1965.07883   
 Searching  34  4 30 near   2017.53145
 33  4 29  1094.43664 88.4  2017.53140   
 Searching  35  4 31 near   2071.22238
 34  4 30  1095.70248 92.2  2071.21552   
                                               
 Searching  36  4 32 near   2126.13100
 35  4 31  1096.94957 86.6  2126.12788         
 Searching  37  4 33 near   2182.26800
 36  4 32  1098.17713 96.1  2182.27311   38  4 34   984.54746 75.2  2182.27334 
           
 Searching  38  4 34 near   2239.65100
 37  4 33  1099.38119 95.6  2239.65625   
 
  Searching   5  5  1 near   1128.45350
  6  5  2  1032.41353 82.9  1128.45454
 
 Searching   5  5  0 near   1128.45350
                                          6  5  1  1032.41353 82.9  1128.45455

 Searching   6  5  2 near   1137.60538
  5  5  1  1050.71491 88.2  1137.60642    7  5  3  1030.88587 71.8  1137.60651

 Searching   6  5  1 near   1137.60538
  5  5  0  1050.71491 88.2  1137.60642    7  5  2  1030.88587 71.8  1137.60652


 Searching   7  5  3 near   1148.28897
  6  5  2  1052.24826 75.8  1148.28927    8  5  4  1029.35677 59.8  1148.28953
 
 Searching   7  5  2 near   1148.28899
  6  5  1  1052.24826 75.8  1148.28927    8  5  3  1029.35677 59.8  1148.28958
                                        
 Searching   8  5  4 near   1160.50479
  7  5  3  1053.78479 69.5  1160.50542    9  5  5  1027.82534 50.9  1160.50548
 
 Searching   8  5  3 near   1160.50484
  7  5  2  1053.78479 69.5  1160.50543    9  5  4  1027.82534 50.9  1160.50566

 Searching   9  5  5 near   1174.25665
  8  5  4  1055.32497 70.6  1174.25774    9  5  4  1041.57766 62.0  1174.25797
                                         10  5  6  1026.29200 48.1  1174.25780
 
 Searching   9  5  4 near   1174.25684
  8  5  3  1055.32497 70.6  1174.25779    9  5  5  1041.57766 62.0  1174.25779
                                         10  5  5  1026.29200 48.1  1174.25833

 Searching  10  5  6 near   1189.54875
  9  5  5  1056.86969 67.2  1189.54982   11  5  7  1024.75602 40.0  1189.54913
  
 Searching  10  5  5 near   1189.54830
  9  5  4  1056.86969 67.2  1189.55000   11  5  6  1024.75602 40.0  1189.55052

  
 Searching  11  5  7 near   1206.38357
 10  5  6  1058.41857 64.2  1206.38437   11  5  6  1041.59037 75.7  1206.38487
                                         
 Searching  11  5  6 near   1206.38303
 10  5  5  1058.41857 64.2  1206.38489  
 Searching  12  5  8 near   1224.76587
 11  5  7  1059.97310 67.7  1224.76621   13  5  9  1021.67763 66.4  1224.76488
 
 Searching  12  5  7 near   1224.76636
 11  5  6  1059.97310 67.7  1224.76760   13  5  8  1021.67220 47.5  1224.76694

 Searching  13  5  9 near   1244.69556
 12  5  8  1061.53107 76.0  1244.69673   14  5 10  1020.13458 60.3  1244.69630
 
 Searching  14  5 10 near   1266.18169
 13  5  9  1063.09545 82.0  1266.18270   15  5 11  1018.58994 70.0  1266.18278
 
 Searching  15  5 11 near   1289.22416
 15  5 10  1041.60276 65.5  1289.22649   16  5 12  1017.04269 63.0  1289.22679
 
 Searching  16  5 12 near   1313.83261
 15  5 11  1066.24080 85.7  1313.83363   17  5 13  1015.49497 72.4  1313.83341
 
 Searching  17  5 13 near   1340.00311
 16  5 12  1067.82053 83.8  1340.00463   18  5 14  1013.94682 58.7  1340.00479
 
 Searching  18  5 14 near   1367.74284
 17  5 13  1069.40512 87.2  1367.74356   18  5 13  1041.50486 95.4  1367.74322
                                         19  5 15  1012.39968 70.9  1367.74332
 
 Searching  19  5 15 near   1397.04882
 18  5 14  1070.99214 87.9  1397.05011   19  5 14  1041.40577 94.3  1397.05004
                                         20  5 16  1010.85521 64.1  1397.05014
 
 Searching  20  5 16 near   1427.92349
 19  5 15  1072.58056 91.3  1427.92421   20  5 15  1041.24497 91.8  1427.92422
                                         21  5 17  1009.31452 74.6  1427.92403
 
 Searching  21  5 17 near   1460.36248
 20  5 16  1074.16896 88.4  1460.36388   
 
 Searching  22  5 18 near   1494.36233
 21  5 17  1075.75391 92.3  1494.36342   22  5 17  1040.63700 95.7  1494.36326
                                         23  5 19  1006.25450 75.0  1494.36376
 
 Searching  23  5 19 near   1529.91639
 22  5 18  1077.33430 91.9  1529.91740   23  5 18  1040.13000 96.7  1529.91724
                                         24  5 20  1004.73800 75.7  1529.91741
 
 Searching  24  5 20 near   1567.01577
 23  5 19  1078.90690 95.1  1567.01616   
 
 Searching  25  5 21 near   1605.64841
 24  5 20  1080.47019 94.4  1605.64961   26  5 22  1001.74208 78.4  1605.64912
 
 Searching  26  5 22 near   1645.80232
 25  5 21  1082.02045 96.2  1645.80331   27  5 23  1000.26589 86.9  1645.80366
 
 Searching  27  5 23 near   1687.46386
 26  5 22  1083.55741 95.5  1687.46445   28  5 24   998.80512 84.4  1687.46474  
 
 
 Searching  28  5 24 near   1730.61611
 27  5 23  1085.07842 69.9  1730.61620   29  5 25   997.36017 19.3  1730.61649
 
 Searching  29  5 25 near   1775.22727
 28  5 24  1086.58283 65.5  1775.24245   29  5 24  1032.74247 83.6  1775.24225
                                         30  5 26   995.93124 14.3  1775.24241
                                         
 Searching  30  5 26 near   1821.33300
 30  5 25  1030.76138 70.9  1821.32698
                                         31  5 27   994.51860 32.3  1821.32613
                                         
 Searching  31  5 27 near   1868.85200
 30  5 26  1089.53960 77.0  1868.85077   32  5 28   993.12169 24.6  1868.85083
                                         
 Searching  32  5 28 near   1917.82800
 31  5 27  1091.01967 66.5  1917.82719   33  5 29   991.76664 73.8  1917.82728
 
  

  Searching  13  5  8 near   1244.70337
 12  5  7  1061.53578 83.8  1244.70480   13  5  9  1041.61713 89.9  1244.70438
                                         14  5  9  1020.12734 68.8  1244.70471
 
 Searching  14  5  9 near   1266.19759
 13  5  8  1063.10410 78.4  1266.19885   14  5 10  1041.63713 88.0  1266.19884
                                         15  5 10  1018.57509 62.0  1266.19883
 
 Searching  15  5 10 near   1289.25735
 14  5  9  1064.68156 83.8  1289.25893   15  5 11  1041.66646 92.0  1289.25930
                                         16  5 11  1017.01705 68.2  1289.25920
 
 Searching  16  5 11 near   1313.89249
 15  5 10  1066.26988 80.7  1313.89361   16  5 12  1041.70927 91.7  1313.89337
                                         17  5 12  1015.45104 64.5  1313.89386
 
 Searching  17  5 12 near   1340.11205
 16  5 11  1067.87102 86.6  1340.11316   18  5 13  1013.87507 74.7  1340.11343
 
 Searching  18  5 13 near   1367.92978
 17  5 12  1069.48813 82.6  1367.93095   18  5 14  1041.87282 93.5  1367.93080
                                         19  5 14  1012.28635 64.9  1367.93062
 
 Searching  19  5 14 near   1397.36081
 18  5 13  1071.12360 91.8  1397.36196   19  5 15  1042.01820 95.5  1397.36184
                                         
 
 Searching  20  5 15 near   1428.42561
 19  5 14  1072.78251 87.4  1428.42677   20  5 16  1042.23224 96.2  1428.42716
                                         21  5 16  1009.06183 62.5  1428.42701
 
 Searching  21  5 16 near   1461.14611
 20  5 15  1074.46800 92.6  1461.14725   22  5 17  1007.42111 76.6  1461.14737
 
 Searching  22  5 17 near   1495.54764
 21  5 16  1076.18362 92.6  1495.54880   23  5 18  1005.76166 69.0  1495.54890
 
 Searching  23  5 18 near   1531.65530
 22  5 17  1077.93024 94.5  1531.65650   24  5 19  1004.08657 79.6  1531.65695
 
 Searching  24  5 19 near   1569.49250
 23  5 18  1079.70624 93.7  1569.49348   25  5 20  1002.40224 75.8  1569.49398
 
 Searching  25  5 20 near   1609.07448
 24  5 19  1081.50570 95.5  1609.07609   26  5 21  1000.71856 85.0  1609.07604
 
 Searching  26  5 21 near   1650.40832
 25  5 20  1083.31795 96.2  1650.40969   27  5 22   999.04839 79.6  1650.41001
 
 Searching  27  5 22 near   1693.50515
 26  5 21  1085.14899 96.9  1693.50648   27  5 23  1047.96766 97.8  1693.50543
 
 Searching  28  5 23 near   1738.31155
 27  5 22  1086.95175 97.5  1738.31337   29  5 24   995.81445 97.8  1738.31423
 
 Searching   6  6  0 near   1166.52358                                          
                                         7  6  1  1031.66515 84.9  1166.52468
                                                                             
Searching   6  6  1 near   1166.52488                                        
                                         7  6  2  1031.66515 84.9  1166.52468
                                                                          
Searching   7  6  1 near   1177.19865                                        
 6  6  0  1053.01290 90.2  1177.20010    8  6  2  1030.13847 71.8  1177.19949
                                                                             
Searching   7  6  2 near   1177.19865                                        
 6  6  1  1053.01290 90.2  1177.20010    8  6  3  1030.14883 97.9  1177.20985
                                                                         
Searching   8  6  2 near   1189.40313                                        
 7  6  1  1054.54498 81.2  1189.40451    9  6  3  1028.61089 62.2  1189.40437
                                                                             
Searching   8  6  3 near   1189.40313                                        
 7  6  2  1054.54498 81.2  1189.40451    9  6  4  1028.61089 62.2  1189.40437
                                                                           
Searching   9  6  3 near   1203.13920                                        
 8  6  2  1056.07980 75.8  1203.14083    10  6  4  1027.08164 58.4  1203.14060
                                                                            
Searching   9  6  4 near   1203.13920                                        
 8  6  3  1056.07980 75.8  1203.14083   10  6  5  1027.08164 58.4  1203.14059
                                                                            
Searching  10  6  4 near   1218.40901                                        
 9  6  3  1057.61702 73.7  1218.41050    11  6  5  1025.55112 50.3  1218.41085
                                                                             
Searching  10  6  5 near   1218.40900                                        
 9  6  4  1057.61702 73.7  1218.41050    11  6  6  1025.55112 50.3  1218.41083
                                                                            
Searching  11  6  5 near   1235.21593                                        
10  6  4  1059.15772 70.0  1235.21668   11  6  6  1042.35693 65.9  1235.21664
                                        12  6  6  1024.01850 50.7  1235.21684
                                                                             
Searching  11  6  6 near   1235.21591                                        
10  6  5  1059.15772 70.0  1235.21667   11  6  5  1042.35693 65.9  1235.21667
                                        12  6  7  1024.01850 50.7  1235.21677
                                                                              
Searching  12  6  6 near   1253.55962                                        
11  6  5  1060.70152 68.7  1253.56126   12  6  7  1042.36298 67.8  1253.56125
                                        13  6  7  1022.48385 51.6  1253.56141
                                                                             
Searching  12  6  7 near   1253.55954                                        
11  6  6  1060.70152 68.7  1253.56124   12  6  6  1042.36298 67.8  1253.56132
                                        13  6  8  1022.48385 51.6  1253.56121
                                                                             
Searching  13  6  7 near   1273.44597                                        
12  6  6  1062.24859 69.7  1273.44693   13  6  8  1042.36943 69.8  1273.44679
                                        
                                                                             
Searching  13  6  8 near   1273.44576                                        
12  6  7  1062.24859 69.7  1273.44686   13  6  7  1042.36943 69.8  1273.44698
                                        14  6  9  1020.94700 49.7  1273.44696
                                                                             
Searching  14  6  8 near   1294.87619                                        
13  6  7  1063.80008 69.5  1294.87763   14  6  9  1042.37707 78.6  1294.87703
                                        15  6  9  1019.40753 52.5  1294.87792
                                                                             
Searching  14  6  9 near   1294.87668                                        
13  6  8  1063.80008 69.5  1294.87744   14  6  8  1042.37707 78.6  1294.87751
                                        15  6 10  1019.40753 52.5  1294.87680
                                                                             
Searching  15  6  9 near   1317.85480                                        
14  6  8  1065.35541 71.8  1317.85585   16  6 10  1017.86590 52.0  1317.85702
                                                                             
Searching  15  6 10 near   1317.85463                                        
14  6  9  1065.35541 71.8  1317.85536   16  6 11  1017.86590 52.0  1317.85457
                                                                             
Searching  16  6 10 near   1342.38472                                        
15  6  9  1066.91562 75.0  1342.38601   
                                                                             
Searching  16  6 11 near   1342.38316                                        
15  6 10  1066.91562 75.0  1342.38488   
                                                                             
 Searching  17  6 11 near   1368.47932
  7  6 12  1042.41133 84.8  1368.47309
                                         18  6 12  1014.77064 71.4  1368.47288
 
 Searching  17  6 12 near   1368.47602
 17  6 11  1042.39826 82.7  1368.46508
                                         18  6 13  1014.77571 68.6  1368.46794

 Searching  18  6 12 near   1396.11954
 17  6 11  1070.04811 91.1  1396.11494   19  6 13  1013.21198 97.2  1396.11479

 Searching  18  6 13 near   1396.11351
 17  6 12  1070.04811 91.1  1396.10987   19  6 14  1013.22719 74.6  1396.11102

 Searching  19  6 13 near   1425.32207
 18  6 12  1071.62205 88.3  1425.32430   20  6 14  1011.64955 98.1  1425.32446

 Searching  19  6 14 near   1425.32224
 18  6 13  1071.62205 88.3  1425.31428   19  6 13  1042.41133 84.8  1425.31415
                                         20  6 15  1011.67418 67.7  1425.31443

 Searching  20  6 15 near   1456.10037
 19  6 14  1073.20063 93.4  1456.08446   21  6 16  1010.11969 79.8  1456.08463
                                         
 Searching  20  6 14 near   1456.10258
 21  6 15  1010.07887 95.8  1456.10497                                        
          
 
 Searching  21  6 16 near   1488.45108
 21  6 15  1042.39826 82.7  1488.42435
                                         22  6 17  1008.56335 69.0  1488.42431
            
 Searching  22  6 17 near   1522.37358
 21  6 16  1076.37028 93.5  1522.33522   23  6 18  1007.00447 81.1  1522.33519
             
 Searching  23  6 18 near   1557.86638
 22  6 17  1077.95904 92.2  1557.82000   24  6 19  1005.44400 75.9  1557.81967
           
 Searching  24  6 19 near   1594.90302
 23  6 18  1079.54833 95.8  1594.87905   25  6 20  1003.88314 77.2  1594.87923
            
 Searching  25  6 20 near   1633.44300
 24  6 19  1081.13488 95.0  1633.51055   26  6 21  1002.31973 82.9  1633.51046
            
 Searching  26  6 21 near   1673.51200
 25  6 20  1082.71458 97.6  1673.71067   27  6 22  1000.75430 84.0  1673.71086
          
 Searching  27  6 22 near   1715.45493
 26  6 21  1084.27965 97.2  1715.47037   28  6 23   999.18170 87.4  1715.47029
           
 Searching  28  6 23 near   1758.76118
                                         29  6 24   997.59693 90.8  1758.77666
                                         
 Searching  29  6 24 near   1803.92878
 28  6 23  1087.31875 78.8  1803.60734   30  6 25   995.98687 24.6  1803.60759                                         
            
 Searching  30  6 25 near   1850.41251
 29  6 24  1088.76525 89.4  1849.94497   31  6 26   994.34531 48.6  1849.94560
             
 Searching  31  6 26 near   1898.43617
 31  6 25  1038.18446 11.5  1897.75858
           
 Searching  32  6 27 near   1947.98614
 31  6 26  1091.42464 97.7  1947.02494   33  6 28   990.90458  7.5  1947.02541
 
 Searching  21  6 15 near   1488.47108
 20  6 14  1074.81231 93.3  1488.48722   21  6 16  1042.52241 94.8  1488.48735
                                         22  6 16  1008.52184 78.8  1488.48737
        
 Searching  22  6 16 near   1522.46600
 21  6 15  1076.48244 92.7  1522.50854   23  6 17  1007.00447 81.1  1522.50883
            
 Searching  23  6 17 near   1557.86638
 22  6 16  1078.22244 94.8  1558.18797
 
  Searching   7  7  1 near   1211.33684
                                          8  7  2  1031.04668 86.5  1211.35002

 Searching   7  7  0 near   1211.34980
                                          8  7  1  1031.04668 86.5  1211.35002

 Searching   8  7  2 near   1223.52962
  7  7  1  1055.43873 91.6  1223.54732    9  7  3  1029.52116 75.8  1223.54763

 Searching   8  7  1 near   1223.54735
  7  7  0  1055.43873 91.6  1223.54732    9  7  2  1029.52116 75.8  1223.54763

 Searching   9  7  3 near   1237.27344
  8  7  2  1056.97019 86.6  1237.27354   10  7  4  1027.99422 65.9  1237.27363
 
 Searching   9  7  2 near   1237.27344
  8  7  1  1056.97019 86.6  1237.27354   10  7  3  1027.99422 65.9  1237.27363

 Searching  10  7  4 near   1252.53067
  9  7  3  1058.50429 79.6  1252.53077   11  7  5  1026.46678 61.5  1252.53050
                                         
 Searching  10  7  3 near   1252.53067
  9  7  2  1058.50429 79.6  1252.53077   11  7  4  1026.46678 61.5  1252.53050
                                      
 Searching  11  7  5 near   1269.31962
 10  7  4  1060.04032 77.7  1269.31972   11  7  4  1043.25547 64.1  1269.31919
                                         12  7  6  1024.93826 35.2  1269.31941
 
 Searching  11  7  4 near   1269.31962
 10  7  3  1060.04032 77.7  1269.31972   11  7  5  1043.25547 64.1  1269.31919
                                         12  7  5  1024.93826 35.2  1269.31941

 Searching  12  7  6 near   1287.64194
 11  7  5  1061.57833 76.3  1287.64205   12  7  5  1043.26126 65.7  1287.64242
                                         13  7  7  1023.40883 57.8  1287.64244
 
 Searching  12  7  5 near   1287.64194
 11  7  4  1061.57833 76.3  1287.64205   12  7  6  1043.26126 65.7  1287.64242
                                         13  7  6  1023.40883 57.8  1287.64244

 Searching  13  7  7 near   1307.50047
 12  7  6  1063.11942 73.7  1307.50058   13  7  6  1043.26699 68.4  1307.50060
                                         14  7  8  1021.87748 54.6  1307.50065
 
 Searching  13  7  6 near   1307.50047
 12  7  5  1063.11942 73.7  1307.50058   13  7  7  1043.26699 68.4  1307.50060
                                         14  7  7  1021.87748 54.6  1307.50066

 Searching  14  7  8 near   1328.89750
 14  7  7  1043.27365 72.4  1328.89683
                                         15  7  9  1020.34479 51.7  1328.89685
 
 Searching  14  7  7 near   1328.89750
 14  7  8  1043.27365 72.4  1328.89682
                                         15  7  8  1020.34479 51.7  1328.89687

 Searching  15  7  9 near   1351.83090
 15  7  8  1043.28075 77.4  1351.83283
                                         16  7 10  1018.81068 55.0  1351.83337
 
 Searching  15  7  8 near   1351.83090
 15  7  9  1043.28075 77.4  1351.83281
                                         16  7  9  1018.81068 55.0  1351.83344
                                       
 Searching  16  7 10 near   1376.31207
 15  7  9  1067.75074 76.4  1376.30280   16  7  9  1043.28075 77.4  1376.30350
                                        
 
 Searching  16  7  9 near   1376.31207
 15  7  8  1067.75074 76.4  1376.30283   16  7 10  1043.28075 77.4  1376.30344
                                          
 Searching  17  7 11 near   1402.33698
 16  7 10  1069.31440 80.9  1402.33709   17  7 10  1043.29947 82.1  1402.33727
                                         18  7 12  1015.73726 56.8  1402.33693
 
 Searching  17  7 10 near   1402.33698
 16  7  9  1069.31440 80.9  1402.33715   17  7 11  1043.29947 82.1  1402.33711
                                         18  7 11  1015.73726 56.8  1402.33729

 Searching  18  7 12 near   1429.90979
 17  7 11  1070.87226 83.3  1429.90990   18  7 11  1043.31012 83.9  1429.91015
                                         19  7 13  1014.19870 53.6  1429.91041
 
 Searching  18  7 11 near   1429.90979
 17  7 10  1070.87226 83.3  1429.91006   19  7 12  1014.19870 53.6  1429.91119

 Searching  19  7 13 near   1459.03371
 18  7 12  1072.43414 84.8  1459.03381   20  7 14  1012.65663 62.5  1459.03351
 
 Searching  19  7 12 near   1459.03371
 18  7 11  1072.43414 84.8  1459.03417   20  7 13  1012.65663 62.5  1459.03510

 Searching  20  7 14 near   1489.71785
 20  7 13  1043.33536 91.1  1489.71383
                                         21  7 15  1011.11521 57.4  1489.71365
 
 Searching  20  7 13 near   1489.71785
 21  7 14  1011.11521 57.4  1489.71679

 Searching  21  7 15 near   1521.94856
 20  7 14  1075.57177 89.4  1521.94865   22  7 16  1009.56796 73.9  1521.94776
 
 Searching  21  7 14 near   1521.94856
 20  7 13  1075.57177 89.4  1521.95024       
 Searching  22  7 16 near   1555.74820
 21  7 15  1077.14984 93.2  1555.74828   
 
 Searching  22  7 15 near   1555.74820
 21  7 14  1077.14984 93.2  1555.75142  
 Searching  23  7 17 near   1591.11369
 22  7 16  1078.73396 95.9  1591.11376  
 
 Searching  23  7 16 near   1591.11369
 22  7 15  1078.72850 94.1  1591.11429   24  7 17  1006.45847 92.7  1591.11433

 Searching  24  7 18 near   1628.03954
 23  7 17  1080.31511 95.2  1628.03960   25  7 19  1004.92194 86.6  1628.04000
 
 Searching  24  7 17 near   1628.03954
 23  7 16  1080.32493 94.7  1628.06047   25  7 18  1004.90825 75.4  1628.06079
 
 Searching  25  7 19 near   1666.54281
 24  7 18  1081.90680 95.4  1666.54286   26  7 20  1003.36922 83.9  1666.54308                                         
                                         
 Searching  25  7 18 near   1666.54281
 24  7 17  1081.92313 96.9  1666.57899   25  7 19  1043.46085 91.0  1666.57891
                                         26  7 19  1003.34615 83.6  1666.57852

 Searching  26  7 20 near   1706.62087
 25  7 19  1083.50269 94.8  1706.62075   

 Searching  26  7 19 near   1706.62087
 25  7 18  1083.53083 95.9  1706.68337   27  7 20  1001.77996 87.2  1706.68340

 Searching  27  7 21 near   1748.28046
 26  7 20  1085.10658 96.7  1748.28044   28  7 22  1000.26118 89.8  1748.27989

 Searching  27  7 20 near   1748.28046
 26  7 19  1085.14899 96.9  1748.38136   28  7 21  1000.20642 89.4  1748.38191
    
 Searching  28  7 21 near   1791.68316
 27  7 20  1086.78014 69.1  1791.68358  29  7 22   998.62322 -1.0  1791.68356
                                  
 Searching  29  7 22 near   1836.60105
 28  7 21  1088.42586 82.5  1836.60135   
                                        
 Searching  30  7 23 near   1883.14987
 29  7 22  1090.08987 81.0  1883.15021   31  7 24   995.42181 17.0  1883.15044
             
 Searching  31  7 24 near   1931.34664
 30  7 23  1091.77475 90.1  1931.34705   32  7 25   993.79742 47.4  1931.34702
            
 Searching  32  7 25 near   1981.21230
 31  7 24  1093.48418 85.3  1981.21280   33  7 26   992.15460 40.8  1981.21295
      
 Searching  33  7 26 near   2032.77769
 32  7 25  1095.20164 86.4  2032.75124        
 Searching  34  7 27 near   2086.08758
 33  7 26  1096.92404 93.4  2085.98239   
 Searching  28  7 22 near   1791.51924
 27  7 21  1086.71296 73.7  1791.51950   29  7 23   998.70790 26.6  1791.52014
           
 Searching  29  7 23 near   1836.34268
 28  7 22  1088.32424 69.2  1836.34295   
 Searching  30  7 24 near   1882.74938
 29  7 23  1089.93744 79.9  1882.74968   31  7 25   995.60420 36.5  1882.74992
           
 Searching  31  7 25 near   1930.74073
 30  7 24  1091.55303 80.9  1930.74105   32  7 26   994.05757 37.8  1930.74103
             
 Searching  32  7 26 near   1980.31386
 31  7 25  1093.16851 86.7  1980.31423   
          
 Searching  33  7 27 near   2031.46290
 32  7 26  1094.79312 89.3  2031.47659   
 Searching  34  7 28 near   2084.20009
 33  7 27  1096.42595 97.0  2084.22359   
 Searching  35  7 29 near   2138.49116
 34  7 28  1098.06222 73.9  2138.54489   
 Searching  36  7 30 near   2194.44000
 35  7 29  1099.71931 94.9  2194.45022 
 
  Searching   8  8  0 near   1262.91461
                                          9  8  1  1030.55315 88.7  1262.91717
 
 Searching   8  8  1 near   1262.91461
                                          9  8  2  1030.55315 88.7  1262.91717
 
 Searching   9  8  1 near   1276.63433
  8  8  0  1057.98944 93.0  1276.63681   10  8  2  1029.02828 80.8  1276.63663
 
 Searching   9  8  2 near   1276.63433
  8  8  1  1057.98944 93.0  1276.63681   10  8  3  1029.02828 80.8  1276.63663
 
 Searching  10  8  2 near   1291.88546
  9  8  1  1059.52006 88.9  1291.88408   11  8  3  1027.50280 72.0  1291.88430
 
 Searching  10  8  3 near   1291.88546
  9  8  2  1059.52006 88.9  1291.88408   11  8  4  1027.50280 72.0  1291.88430
 
 Searching  11  8  3 near   1308.66255
 10  8  2  1061.05283 85.2  1308.66117   12  8  4  1025.97663 70.9  1308.66137
 
 Searching  11  8  4 near   1308.66255
 10  8  3  1061.05283 85.2  1308.66117   12  8  5  1025.97663 70.9  1308.66137
 
 Searching  12  8  4 near   1326.97017
 11  8  3  1062.58729 83.7  1326.96880   13  8  5  1024.44966 67.4  1326.96909
 
 Searching  12  8  5 near   1326.97017
 11  8  4  1062.58729 83.7  1326.96880   13  8  6  1024.44966 67.4  1326.96909
 
 Searching  13  8  5 near   1346.80953
 12  8  4  1064.12342 81.2  1346.80816   13  8  6  1044.28917 64.6  1346.80860
                                         14  8  6  1022.92157 63.1  1346.80862
 
 Searching  13  8  6 near   1346.80953
 12  8  5  1064.12342 81.2  1346.80816   13  8  5  1044.28917 64.6  1346.80860
                                         14  8  7  1022.92157 63.1  1346.80862
 
 Searching  14  8  6 near   1368.18299
 13  8  5  1065.66220 80.2  1368.18163   14  8  7  1044.29489 67.2  1368.18194
                                         15  8  7  1021.39272 63.9  1368.18192
 
 Searching  14  8  7 near   1368.18299
 13  8  6  1065.66220 80.2  1368.18163   14  8  6  1044.29489 67.2  1368.18194
                                         15  8  8  1021.39272 63.9  1368.18192
 
 Searching  15  8  7 near   1391.09156
 14  8  6  1067.20315 80.0  1391.09019   15  8  8  1044.29985 74.0  1391.08905
                                         16  8  8  1019.86278 64.0  1391.09039
 
 Searching  15  8  8 near   1391.09156
 14  8  7  1067.20315 80.0  1391.09019   15  8  7  1044.29985 74.0  1391.08905
                                         16  8  9  1019.86278 64.0  1391.09039
 
 Searching  16  8  8 near   1415.53705
 15  8  7  1068.74648 81.7  1415.53569   16  8  9  1044.30793 77.8  1415.53554
                                         17  8  9  1018.33128 59.9  1415.53540
 
 Searching  16  8  9 near   1415.53705
 15  8  8  1068.74648 81.7  1415.53569   16  8  8  1044.30793 77.8  1415.53554
                                         17  8 10  1018.33128 59.9  1415.53539
 
 Searching  17  8  9 near   1441.52145
 16  8  8  1070.29247 84.1  1441.52008   17  8 10  1044.31615 82.9  1441.52026
                                         
 Searching  17  8 10 near   1441.52145
 16  8  9  1070.29247 84.1  1441.52008   17  8  9  1044.31615 82.9  1441.52027
                                         
 Searching  18  8 10 near   1469.04662
 17  8  9  1071.84113 83.4  1469.04525   18  8 11  1044.32459 85.5  1469.04526
                                         
 Searching  18  8 11 near   1469.04662
 17  8 10  1071.84113 83.4  1469.04524   18  8 10  1044.32459 85.5  1469.04527
                                         
 Searching  19  8 11 near   1498.11522
 18  8 10  1073.39316 87.1  1498.11384   19  8 12  1044.33513 65.3  1498.11451
                                         20  8 12  1013.73154 66.9  1498.11406
 
 Searching  19  8 12 near   1498.11522
 18  8 11  1073.39316 87.1  1498.11383   19  8 11  1044.33513 65.3  1498.11453
                                         20  8 13  1013.73154 66.9  1498.11401
 
 Searching  20  8 12 near   1528.72909
 19  8 11  1074.94849 88.7  1528.72789   20  8 13  1044.34548 87.8  1528.72795
                                         21  8 13  1012.19574 67.4  1528.72813
 
 Searching  20  8 13 near   1528.72909
 19  8 12  1074.94849 88.7  1528.72787   20  8 12  1044.34548 87.8  1528.72800
                                         21  8 14  1012.19574 67.4  1528.72802
 
 Searching  21  8 13 near   1560.89102
 20  8 12  1076.50714 88.7  1560.88966   21  8 14  1044.35762 92.0  1560.88990
                                         
 Searching  21  8 14 near   1560.89102
 20  8 13  1076.50714 88.7  1560.88961   21  8 13  1044.35762 92.0  1560.89001
                                         
 Searching  22  8 14 near   1594.60353
 21  8 13  1078.06975 89.7  1594.60214   23  8 15  1009.11975 68.7  1594.60246
 
 Searching  22  8 15 near   1594.60353
 21  8 14  1078.06975 89.7  1594.60203   23  8 16  1009.11975 68.7  1594.60197
 
 Searching  23  8 15 near   1629.86914
 22  8 14  1079.63641 91.2  1629.86797   23  8 16  1044.38630 93.0  1629.86852
                                         24  8 16  1007.57996 77.5  1629.86870
 
 Searching  23  8 16 near   1629.86914
 22  8 15  1079.63641 91.2  1629.86773   24  8 17  1007.57996 77.5  1629.86773
 
 Searching  24  8 16 near   1666.69097
 23  8 15  1081.20746 93.8  1666.69017   25  8 17  1006.03778 77.1  1666.69053
 
 Searching  24  8 17 near   1666.69097
 23  8 16  1081.20746 93.8  1666.68968   
 Searching  25  8 17 near   1705.07204
 24  8 16  1082.78230 94.9  1705.07104   25  8 18  1044.42013 95.8  1705.07104
                                         
 Searching  25  8 18 near   1705.07204
 24  8 17  1082.78230 94.9  1705.07008   26  8 19  1004.49505 79.6  1705.06974
 
 Searching  26  8 18 near   1745.01514
 25  8 17  1084.36211 96.6  1745.01486   
 Searching  26  8 19 near   1745.01514
 25  8 18  1084.36211 96.6  1745.01302   
 Searching  27  8 19 near   1786.52454
 28  8 20  1001.40572  7.6  1786.53370
 
 Searching  27  8 20 near   1786.52454
 26  8 19  1085.94853 60.8  1786.52322   
 Searching  28  8 20 near   1829.60146
 27  8 19  1087.54297 72.7  1829.61147   28  8 21  1044.49486 72.7  1829.61189
                                               
 Searching  29  8 21 near   1874.25161
 28  8 20  1089.14216 57.2  1874.27014   30  8 22   998.29695 41.7  1874.27007
            
 Searching  30  8 22 near   1920.51110
 29  8 21  1090.74866 82.5  1920.50978   31  8 23   996.74053  8.7  1920.51052
             
 Searching  31  8 23 near   1968.33808
 30  8 22  1092.36367 81.9  1968.33679   
 Searching  32  8 24 near   2017.76006
 31  8 23  1093.98882 87.8  2017.75881   33  8 25   993.61065 47.1  2017.75866
             
 Searching  33  8 25 near   2068.78474
 32  8 24  1095.62476 92.4  2068.78357   34  8 26   992.03638 62.9  2068.78413
             
 Searching  34  8 26 near   2121.42423
 33  8 25  1097.27516 93.3  2121.42317   
 Searching  35  8 27 near   2175.67800
 34  8 26  1098.93410 93.0  2175.68185   
 34  8 26  1098.95362 84.6  2175.70137   
 Searching  28  8 21 near   1829.60146
 27  8 20  1087.53783 78.8  1829.60013   28  8 20  1044.47266 78.6  1829.60064
                                         29  8 22   999.85836  2.7  1829.60059
  
 Searching  29  8 22 near   1874.25161
 28  8 21  1089.13325 59.4  1874.25028   
 Searching  30  8 23 near   1920.47787
 29  8 22  1090.73431 88.2  1920.47654   31  8 24   996.75908 47.7  1920.47641 
                                         
 Searching  31  8 24 near   1968.28304
 30  8 23  1092.34049 86.1  1968.28174   31  8 23  1044.51141 81.7  1968.28140
                                         32  8 25   995.20784 35.7  1968.28139

 Searching  32  8 25 near   2017.67030
 32  8 24  1044.51141 81.7  2017.67022   33  8 26   993.65759 48.7  2017.67017

 Searching  33  8 26 near   2068.64400
 32  8 25  1095.56924 88.2  2068.64279   33  8 25  1044.49486 72.7  2068.64287
                                         34  8 27   992.10621 42.0  2068.64280

 Searching  34  8 27 near   2121.19328
 33  8 26  1097.17958 83.1  2121.19216   
 Searching  35  8 28 near   2175.31700
 34  8 27  1098.77953 85.2  2175.31612   35  8 27  1044.34558 15.9  2175.31588
 
  Searching   9  9  1 near   1321.20433
                                         10  9  2  1030.17208 96.8  1321.20398
 
 Searching   9  9  0 near   1321.20433
                                         10  9  1  1030.17208 96.8  1321.20398
 
 Searching  10  9  2 near   1336.45638
  9  9  1  1060.65803 95.0  1336.45203   11  9  3  1028.65525 85.7  1336.45209
 
 Searching  10  9  1 near   1336.45638
  9  9  0  1060.65803 95.0  1336.45203   11  9  2  1028.65525 85.7  1336.45209
                                         
 Searching  11  9  3 near   1353.21300
 10  9  2  1062.18818 91.3  1353.22009   12  9  4  1027.13013 74.4  1353.21987
 
 Searching  11  9  2 near   1353.22443
 10  9  1  1062.18818 91.3  1353.22009   12  9  3  1027.13013 74.4  1353.21987
 
 Searching  12  9  4 near   1371.52111
 11  9  3  1063.71993 88.1  1371.51678   13  9  5  1025.60512 75.8  1371.51672
 
 Searching  12  9  3 near   1371.52111
 11  9  2  1063.71993 88.1  1371.51678   13  9  4  1025.60512 75.8  1371.51672
 
 Searching  13  9  5 near   1391.34712
 12  9  4  1065.25306 88.0  1391.34280   13  9  4  1045.43122 65.2  1391.34283
                                         
 Searching  13  9  4 near   1391.34712
 12  9  3  1065.25306 88.0  1391.34280   13  9  5  1045.43122 65.2  1391.34283
                                         
 Searching  14  9  6 near   1412.70327
 13  9  5  1066.78734 85.1  1412.69895   14  9  5  1045.43615 71.2  1412.69968
                                         15  9  7  1022.55241 73.4  1412.69910
 
 Searching  14  9  5 near   1412.70327
 13  9  4  1066.78734 85.1  1412.69895   14  9  6  1045.43615 71.2  1412.69968
                                         15  9  6  1022.55241 73.4  1412.69910
 
 Searching  15  9  7 near   1435.59164
 14  9  6  1068.32380 88.5  1435.58733   16  9  8  1021.02486 74.8  1435.58721
 
 Searching  15  9  6 near   1435.59164
 14  9  5  1068.32380 88.5  1435.58733   16  9  7  1021.02486 74.8  1435.58721
 
 Searching  16  9  8 near   1460.01307
 15  9  7  1069.86207 86.7  1460.00875   16  9  7  1045.44665 76.3  1460.00899
                                         17  9  9  1019.49703 68.3  1460.00887
 
 Searching  16  9  7 near   1460.01307
 15  9  6  1069.86207 86.7  1460.00875   16  9  8  1045.44665 76.3  1460.00899
                                         17  9  8  1019.49703 68.3  1460.00887
 
 Searching  17  9  9 near   1485.96928
 16  9  8  1071.40262 87.9  1485.96496   17  9  8  1045.45263 81.9  1485.96447
                                         
 Searching  17  9  8 near   1485.96928
 16  9  7  1071.40262 87.9  1485.96496   17  9  9  1045.45263 81.9  1485.96447
                                         
 Searching  18  9 10 near   1513.46177
 17  9  9  1072.94559 82.0  1513.45744   19  9 11  1016.43903 76.8  1513.45723
 
 Searching  18  9  9 near   1513.46177
 17  9  8  1072.95266 98.0  1513.46450   18  9 10  1045.46856 86.8  1513.46518
                                         
 Searching  19  9 11 near   1542.49077
 18  9 10  1074.48980 90.5  1542.48642   19  9 10  1045.46856 86.8  1542.48676
                                         20  9 12  1014.90797 76.2  1542.48617
 
 Searching  19  9 10 near   1542.49077
 18  9  9  1074.48980 90.5  1542.48642   19  9 11  1045.46856 86.8  1542.48676
                                         20  9 11  1014.90797 76.2  1542.48617
 
 Searching  20  9 12 near   1573.05951
 19  9 11  1076.03694 90.8  1573.05514   20  9 11  1045.47700 88.0  1573.05520
                                         21  9 13  1013.37724 75.4  1573.05554
 
 Searching  20  9 11 near   1573.05951
 19  9 10  1076.03694 90.8  1573.05514   20  9 12  1045.47700 88.0  1573.05520
                                         21  9 12  1013.37724 75.4  1573.05555
 
 Searching  21  9 13 near   1605.16949
 20  9 12  1077.58691 91.3  1605.16510   21  9 12  1045.48743 88.5  1605.16574
                                         22  9 14  1011.84505 77.9  1605.16539
 
 Searching  21  9 12 near   1605.16949
 20  9 11  1077.58691 91.3  1605.16510   21  9 13  1045.48743 88.5  1605.16574
                                         22  9 13  1011.84505 77.9  1605.16540
 
 Searching  22  9 14 near   1638.82253
 21  9 13  1079.13981 93.5  1638.81811   22  9 13  1045.49732 89.8  1638.81766
                                         23  9 15  1010.31153 78.7  1638.81772
 
 Searching  22  9 13 near   1638.82253
 21  9 12  1079.13981 93.5  1638.81812   22  9 14  1045.49732 89.8  1638.81766
                                         23  9 14  1010.31153 78.7  1638.81773
 
 Searching  23  9 15 near   1674.02140
 22  9 14  1080.69662 86.0  1674.01696   23  9 14  1045.51029 92.9  1674.01649
                                         24  9 16  1008.77822 75.0  1674.01608
 
 Searching  23  9 14 near   1674.02140
 22  9 13  1080.69662 86.0  1674.01696   23  9 15  1045.51029 92.9  1674.01647
                                         24  9 15  1008.77822 75.0  1674.01612
 
 Searching  24  9 16 near   1710.76483
 23  9 15  1082.25415 93.4  1710.76034   25  9 17  1007.24300 79.6  1710.76046
 
 Searching  24  9 15 near   1710.76483
 23  9 14  1082.25415 93.4  1710.76036   25  9 16  1007.24300 79.6  1710.76053
 
 Searching  25  9 17 near   1749.05905
 24  9 16  1083.81665 95.9  1749.05451   25  9 16  1045.53687 77.9  1749.05440
                                         
 Searching  25  9 16 near   1749.05905
 24  9 15  1083.81665 95.9  1749.05455   25  9 17  1045.53687 77.9  1749.05433
                                         
 Searching  26  9 18 near   1788.90419
 25  9 17  1085.38212 94.6  1788.89958   26  9 17  1045.55262 94.7  1788.89999
                                         27  9 19  1004.17037 85.3  1788.89984
 
 Searching  26  9 17 near   1788.90419
 25  9 16  1085.38212 94.6  1788.89965   26  9 18  1045.55262 94.7  1788.89984
                                         
 Searching  27  9 19 near   1830.30368
 26  9 18  1086.95175 97.5  1830.29897   28  9 20  1002.63196 85.3  1830.29861
 
 Searching  27  9 18 near   1830.30368
 26  9 17  1086.95175 97.5  1830.29912   28  9 19  1002.63196 85.3  1830.29917 
                                         
 Searching  28  9 20 near   1873.25956
 27  9 19  1088.52542 64.4  1873.25489   29  9 21  1001.09327 13.4  1873.25464
 
 Searching  28  9 19 near   1873.25956
 27  9 18  1088.52542 64.4  1873.25517   29  9 20  1001.09327 13.4  1873.25568
 
 Searching  29  9 21 near   1917.77525
 28  9 20  1090.10364 69.5  1917.77029   29  9 20  1045.60809 65.7  1917.77049
                                         
 Searching  29  9 20 near   1917.77525
 29  9 21  1045.60809 65.7  1917.76946   30  9 21   999.55142  5.4  1917.76963
 
 Searching  30  9 22 near   1963.85240
 29  9 21  1091.68558 76.2  1963.84695   31  9 23   998.01192 22.5  1963.84623
 
 Searching  30  9 21 near   1963.85240
 29  9 20  1091.68558 76.2  1963.84798   
 Searching  31  9 23 near   2011.49481
 30  9 22  1093.27220 82.0  2011.48851   31  9 22  1045.65130 87.4  2011.48898
                                         
 Searching  31  9 22 near   2011.49481
 30  9 21  1093.27220 82.0  2011.49040   
 Searching  32  9 24 near   2060.70672
 31  9 23  1094.86465 86.9  2060.69896   33  9 25   994.92724 60.4  2060.69856

 Searching  32  9 23 near   2060.70672
 31  9 22  1094.86465 86.9  2060.70234   32  9 24  1045.68458 86.8  2060.70288
                                         
 Searching  33  9 25 near   2111.48463
 33  9 24  1045.69823 87.8  2111.47967   34  9 26   993.38332 47.5  2111.47980 
 
 Searching  33  9 24 near   2111.49053
 32  9 23  1096.46198 89.3  2111.48619   
 Searching  34  9 26 near   2163.82503
 33  9 25  1098.06222 73.9  2163.83354   
 Searching  34  9 25 near   2163.84278
 33  9 24  1098.06222 73.9  2163.84366   
 Searching  35  9 27 near   2217.76714
 34  9 26  1099.69331 94.7  2217.78979   
 Searching  35  9 26 near   2217.78725
 34  9 25  1099.69331 94.7  2217.80678 
 
 Searching  10 10  0 near   1386.22779
                                         11 10  1  1029.92048 92.5  1386.21665

 Searching  10 10  1 near   1386.22779
                                         11 10  2  1029.92048 92.5  1386.21665

 Searching  11 10  1 near   1402.98622
 10 10  0  1063.44001 96.0  1402.97774   12 10  2  1028.39721 87.1  1402.97821

 Searching  11 10  2 near   1402.98622
 10 10  1  1063.44001 96.0  1402.97774   12 10  3  1028.39721 87.1  1402.97821

 Searching  12 10  2 near   1421.27620
 11 10  1  1064.96923 93.6  1421.26540   13 10  3  1026.87350 75.4  1421.26648
    
 Searching  12 10  3 near   1421.27620
 11 10  2  1064.96923 93.6  1421.26540   13 10  4  1026.87350 75.4  1421.26648
 
 Searching  13 10  3 near   1441.09015
 12 10  2  1066.49942 91.6  1441.08042   14 10  4  1025.34754 78.0  1441.08046
 
 Searching  13 10  4 near   1441.09015
 12 10  3  1066.49942 91.6  1441.08042   14 10  5  1025.34754 78.0  1441.08046
 
 Searching  14 10  4 near   1462.43344
 13 10  3  1068.03073 91.7  1462.42371   15 10  5  1023.82246 75.1  1462.42416
 
 Searching  14 10  5 near   1462.43344
 13 10  4  1068.03073 91.7  1462.42371   15 10  6  1023.82246 75.1  1462.42416
 
 Searching  15 10  5 near   1485.30697
 14 10  4  1069.56433 91.9  1485.29725   16 10  6  1022.29679 74.7  1485.29705
 
 Searching  15 10  6 near   1485.30697
 14 10  5  1069.56433 91.9  1485.29725   16 10  7  1022.29679 74.7  1485.29705
 
 Searching  16 10  6 near   1509.71028
 15 10  5  1071.09887 92.0  1509.70057   17 10  7  1020.77102 76.3  1509.70062
 
 Searching  16 10  7 near   1509.71028
 15 10  6  1071.09887 92.0  1509.70057   17 10  8  1020.77102 76.3  1509.70062
 
 Searching  17 10  7 near   1535.64436
 16 10  6  1072.63438 91.1  1535.63464   17 10  8  1046.70533 83.2  1535.63493
                                         18 10  8  1019.24431 78.0  1535.63510

 Searching  17 10  8 near   1535.64436
 16 10  7  1072.63438 91.1  1535.63464   17 10  7  1046.70533 83.2  1535.63493
                                         18 10  9  1019.24431 78.0  1535.63510
                                         
 Searching  18 10  8 near   1563.11173
                                         18 10  9  1046.70533 83.2  1563.09612
                                         19 10  9  1017.71114 95.8  1563.09610
 
                                         
 Searching  18 10  9 near   1563.11173
                                         18 10  8  1046.70533 83.2  1563.09612
                                         19 10 10  1017.71114 95.8  1563.09610
 
 Searching  19 10  9 near   1592.11211
 18 10  8  1075.71157 92.5  1592.10236   19 10 10  1046.71717 85.4  1592.10213
                                         20 10 10  1016.18906 78.8  1592.10236

 Searching  19 10 10 near   1592.11211
 18 10  9  1075.71157 92.5  1592.10236   19 10  9  1046.71717 85.4  1592.10213
                                         20 10 11  1016.18906 78.8  1592.10236
 
 Searching  20 10 10 near   1622.64641
                                         20 10 11  1046.72459 88.7  1622.63789
                                         21 10 11  1014.66061 82.5  1622.63768
 
 Searching  20 10 11 near   1622.64641
                                         20 10 10  1046.72459 88.7  1622.63789
                                         21 10 12  1014.66061 82.5  1622.63768
 
 Searching  21 10 11 near   1654.71866
 20 10 10  1078.79557 93.9  1654.70887   21 10 12  1046.73166 90.6  1654.70872
                                         
 Searching  21 10 12 near   1654.71866
 20 10 11  1078.79557 93.9  1654.70887   21 10 11  1046.73166 90.6  1654.70872
                                         
 Searching  22 10 12 near   1688.32855
 21 10 11  1080.34166 86.5  1688.31873   22 10 13  1046.74075 91.7  1688.31834
                                         23 10 13  1011.60207 80.9  1688.31834
 
 Searching  22 10 13 near   1688.32855
 21 10 12  1080.34166 86.5  1688.31873   22 10 12  1046.74075 91.7  1688.31834
                                         23 10 14  1011.60207 80.9  1688.31834
 
 Searching  23 10 13 near   1723.47701
 22 10 12  1081.88956 94.9  1723.46715   23 10 14  1046.75024 92.9  1723.46650
                                         24 10 14  1010.07228 84.3  1723.46683
 
 Searching  23 10 14 near   1723.47701
 22 10 13  1081.88956 94.9  1723.46715   23 10 13  1046.75024 92.9  1723.46650
                                         24 10 15  1010.07228 84.3  1723.46683
 
 Searching  24 10 14 near   1760.16467
 23 10 13  1083.43851 95.7  1760.15478   25 10 15  1008.54100 86.7  1760.15499
 
 Searching  24 10 15 near   1760.16467
 23 10 14  1083.43851 95.7  1760.15478   25 10 16  1008.54100 86.7  1760.15499
 
 Searching  25 10 15 near   1798.39608
 24 10 14  1084.99159 96.3  1798.38614   26 10 16  1007.01019 88.5  1798.38638
 
 Searching  25 10 16 near   1798.39608
 24 10 15  1084.99159 96.3  1798.38614   26 10 17  1007.01019 88.5  1798.38638 
                                         
 Searching  26 10 16 near   1838.17082
 25 10 15  1086.54705 65.8  1838.16103   26 10 17  1046.78495 54.5  1838.16113
                                         
 Searching  26 10 17 near   1838.17082
 25 10 16  1086.54705 65.8  1838.16103   26 10 16  1046.78495 54.5  1838.16114
                                         
 Searching  27 10 17 near   1879.49121
 26 10 16  1088.10520 72.6  1879.48138   
 Searching  27 10 18 near   1879.49121
 26 10 17  1088.10520 72.6  1879.48138   
 Searching  28 10 18 near   1922.35930
 27 10 17  1089.66661 75.6  1922.34944   29 10 19  1002.41276 21.2  1922.34942

 Searching  28 10 19 near   1922.35930
 27 10 18  1089.66661 75.6  1922.34943   29 10 20  1002.41276 21.2  1922.34937
            
 Searching  29 10 19 near   1966.77680
 28 10 18  1091.23121 82.2  1966.76691   29 10 20  1046.83066 69.5  1966.76727
                                         
 Searching  29 10 20 near   1966.77680
 28 10 19  1091.23121 82.2  1966.76689   29 10 19  1046.83066 69.5  1966.76731
                                         
 Searching  30 10 20 near   2012.74629
 29 10 19  1092.79972 85.2  2012.73637   30 10 21  1046.84887 78.3  2012.73644
                                         
 Searching  30 10 21 near   2012.74629
 29 10 20  1092.79972 85.2  2012.73633   30 10 20  1046.84887 78.3  2012.73652
                                              
 Searching  31 10 21 near   2060.25800
 30 10 20  1094.37062 90.6  2060.25826   
 Searching  31 10 22 near   2060.25800
 30 10 21  1094.37062 90.6  2060.25818   
 Searching  32 10 22 near   2109.33300
 31 10 21  1095.94477 91.3  2109.33551   33 10 23   996.27348 54.5  2109.33546
 
 Searching  32 10 23 near   2109.33300
 31 10 22  1095.94477 91.3  2109.33535   
 Searching  33 10 23 near   2159.96800
 32 10 22  1097.52074 90.5  2159.96882   
 Searching  33 10 24 near   2159.96800
 32 10 23  1097.52074 90.5  2159.96852 
 
  Searching  11 11  1 near   1457.90721
                                         12 11  2  1029.77091 94.5  1457.91567
 
 Searching  11 11  0 near   1457.90721
                                         12 11  1  1029.77091 94.5  1457.91567
 
 Searching  12 11  2 near   1476.19190
 11 11  1  1066.33749 98.2  1476.20409   12 11  1  1048.05882 62.8  1476.20358
                                         
 Searching  12 11  1 near   1476.19191
 11 11  0  1066.33749 98.2  1476.20409   12 11  2  1048.05882 62.8  1476.20358
                                         
 Searching  13 11  3 near   1496.02222
 12 11  2  1067.85671 96.8  1496.00148   14 11  4  1026.72331 81.0  1496.00225
 
 Searching  13 11  2 near   1496.02222
 12 11  1  1067.85671 96.8  1496.00148   14 11  3  1026.72331 81.0  1496.00225
 
 Searching  14 11  4 near   1517.35595
 13 11  3  1069.38654 94.3  1517.33522   15 11  5  1025.19884 85.9  1517.33507
 
 Searching  14 11  3 near   1517.35595
 13 11  2  1069.38654 94.3  1517.33522   15 11  4  1025.19884 85.9  1517.33507
   
 Searching  15 11  5 near   1540.21581
 14 11  4  1070.91615 88.8  1540.19510   15 11  4  1048.05882 62.8  1540.19505
                                         16 11  6  1023.67411 84.0  1540.19535

 Searching  15 11  4 near   1540.21581
 14 11  3  1070.91615 88.8  1540.19510   15 11  5  1048.05882 62.8  1540.19505
                                         16 11  5  1023.67411 84.0  1540.19535
 
 Searching  16 11  6 near   1564.60480
 15 11  5  1072.44787 95.7  1564.58410   17 11  7  1022.14917 85.2  1564.58390
 
 Searching  16 11  5 near   1564.60480
 15 11  4  1072.44787 95.7  1564.58410   17 11  6  1022.14917 85.2  1564.58390

 Searching  17 11  7 near   1590.52264
 16 11  6  1073.98070 94.8  1590.50194   18 11  8  1020.62362 84.1  1590.50110
 
 Searching  17 11  6 near   1590.52264
 16 11  5  1073.98070 94.8  1590.50194   18 11  7  1020.62362 84.1  1590.50110
 
 Searching  18 11  8 near   1617.95893
 17 11  7  1075.51350 94.5  1617.94822   18 11  7  1048.07182 84.5  1617.94930
                                         
 Searching  18 11  7 near   1617.95893
 17 11  6  1075.51350 94.5  1617.94822   18 11  8  1048.07182 84.5  1617.94930
                                         
 Searching  19 11  9 near   1646.94667
 18 11  8  1077.04848 94.7  1646.92595   20 11 10  1017.57178 85.9  1646.92602
 
 Searching  19 11  8 near   1646.94667
 18 11  7  1077.04848 94.7  1646.92595   20 11  9  1017.57178 85.9  1646.92602
 
 Searching  20 11 10 near   1677.45577
 20 11  9  1048.08135 89.1  1677.43558
                                         21 11 11  1016.04557 84.2  1677.43564
 
 Searching  20 11  9 near   1677.45577
 20 11 10  1048.08135 89.1  1677.43558
                                         21 11 10  1016.04557 84.2  1677.43564
 
 Searching  21 11 11 near   1709.49763
 20 11 10  1080.12262 95.3  1709.47685   21 11 10  1048.08689 90.3  1709.47695
 
 Searching  21 11 10 near   1709.49763
 20 11  9  1080.12262 95.3  1709.47685   21 11 11  1048.08689 90.3  1709.47695
 
 Searching  22 11 12 near   1743.07328
 21 11 11  1081.66241 95.7  1743.05247   22 11 11  1048.09351 93.7  1743.05234
                                         23 11 13  1012.99055 87.0  1743.05211
 
 Searching  22 11 11 near   1743.07328
 21 11 10  1081.66241 95.7  1743.05247   22 11 12  1048.09351 93.7  1743.05234
                                         23 11 12  1012.99055 87.0  1743.05211
 
 Searching  23 11 13 near   1778.18311
 23 11 12  1048.10134 93.0  1778.16289
                                         24 11 14  1011.46344 86.7  1778.16278
 
 Searching  23 11 12 near   1778.18311
 23 11 13  1048.10134 93.0  1778.16289
                                         24 11 13  1011.46344 86.7  1778.16278
 
 Searching  24 11 14 near   1814.81949
 23 11 13  1084.74702 95.4  1814.80858   24 11 13  1048.10912 94.4  1814.80847
                                         25 11 15  1009.93542 86.6  1814.80873
 
 Searching  24 11 13 near   1814.81949
 23 11 12  1084.74702 95.4  1814.80858   24 11 14  1048.10912 94.4  1814.80847
                                         25 11 14  1009.93542 86.6  1814.80873
 
 Searching  25 11 15 near   1853.01288
 24 11 14  1086.29257 97.8  1852.99191   25 11 14  1048.11832 92.1  1852.99164
                                         26 11 16  1008.40711 90.0  1852.99177
 
 Searching  25 11 14 near   1853.01288
 24 11 13  1086.29257 97.8  1852.99191   25 11 15  1048.11832 92.1  1852.99164
                                         26 11 15  1008.40711 90.0  1852.99177
 
 Searching  26 11 16 near   1892.73152
 26 11 15  1048.12866 36.2  1892.71333
                                         27 11 17  1006.87886 23.3  1892.71348
 
 Searching  26 11 15 near   1892.73152
 26 11 16  1048.12866 36.2  1892.71333
                                         27 11 16  1006.87886 23.3  1892.71348
 
 Searching  27 11 17 near   1933.99502
 26 11 16  1089.38941 79.6  1933.97407   27 11 16  1048.13938 55.7  1933.97401
                                         28 11 18  1005.34946 26.6  1933.97395
 
 Searching  27 11 16 near   1933.99502
 26 11 15  1089.38941 79.6  1933.97407   27 11 17  1048.13938 55.7  1933.97401
                                         28 11 17  1005.34946 26.6  1933.97395
 
 Searching  28 11 18 near   1976.74752
 27 11 17  1090.94118 83.1  1976.77580   29 11 19  1003.82014 30.4  1976.77575
 
 Searching  28 11 17 near   1976.75752
 27 11 16  1090.94118 83.1  1976.77581   29 11 18  1003.82014 30.4  1976.77575
 
 Searching  29 11 19 near   2021.10239
 28 11 18  1092.49542 80.2  2021.11991   29 11 18  1048.16466 63.0  2021.12027
                                         30 11 20  1002.29089 38.9  2021.12028
 
 Searching  29 11 18 near   2021.10239
 28 11 17  1092.49542 80.2  2021.11991   29 11 19  1048.16466 63.0  2021.12027
                                         30 11 19  1002.29089 38.9  2021.12029
 
 Searching  30 11 20 near   2066.99159
 29 11 19  1094.05274 87.2  2067.00835   30 11 19  1048.17900 76.9  2067.00840
                                         
 Searching  30 11 19 near   2066.99160
 29 11 18  1094.05274 87.2  2067.00835   30 11 20  1048.17900 76.9  2067.00840
                                         
 Searching  31 11 21 near   2114.42674
 30 11 20  1095.61238 89.0  2114.44177   31 11 20  1048.19458 79.8  2114.44190
                                         
 Searching  31 11 20 near   2114.38674
 30 11 19  1095.61238 89.0  2114.44178   31 11 21  1048.19458 79.8  2114.44190
                                               
 Searching  32 11 22 near   2163.40949
 31 11 21  1097.17958 83.1  2163.42690   
 Searching  32 11 21 near   2163.36950
 31 11 20  1097.17958 83.1  2163.42691   
 Searching  33 11 23 near   2213.94160
 32 11 22  1098.73132 95.0  2213.94224   
 32 11 22  1098.74106 96.1  2213.95198   33 11 22  1048.23043 84.9  2213.95224
                                         
 Searching  33 11 22 near   2213.90162
 32 11 21  1098.73132 95.0  2213.94225   
 32 11 21  1098.74106 96.1  2213.95199   
 Searching  34 11 24 near   2266.02489
 33 11 23  1100.29784 81.2  2266.01962   
 Searching  34 11 23 near   2265.98494
 33 11 22  1100.29784 81.2  2266.01965   
 Searching  35 11 25 near   2319.66127
 34 11 24  1101.87801 94.4  2319.65962   
 Searching  35 11 24 near   2319.62136
 34 11 23  1101.87801 94.4  2319.65966 
 