  839  1332.19798   100   12 12  0
  745  1332.19798   100   12 12  1
  973  1351.94586   100   13 12  1
  872  1351.94586   100   13 12  2
 1117  1373.21478   100   14 12  2
 1008  1373.21478   100   14 12  3
 1271  1396.00584   100   15 12  3
 1155  1396.00600   100   15 12  4
 1435  1420.31904   100   16 12  4
 1311  1420.31904   100   16 12  5
 1609  1446.15420   100   17 12  5
 1478  1446.15420   100   17 12  6
 1793  1473.51284   100   18 12  6
 1654  1473.51284   100   18 12  7
 1987  1502.39504   100   19 12  7
 1841  1502.39485   100   19 12  8
 2191  1532.80138   100   20 12  8
 2037  1532.80138   100   20 12  9
 2405  1564.73289   100   21 12  9
 2244  1564.73300   100   21 12 10
 2629  1598.18984   100   22 12 10
 2460  1598.18984   100   22 12 11
 2863  1633.17347   100   23 12 11
 2687  1633.17347   100   23 12 12
 3107  1669.68321   100   24 12 12
 2923  1669.68321   100   24 12 13
 3361  1707.72156   100   25 12 13
 3170  1707.72156   100   25 12 14
 3625  1747.28842   100   26 12 14
 3426  1747.28842   100   26 12 15
 3899  1788.38470   100   27 12 15
 3693  1788.38470   100   27 12 16
 4183  1831.01118   100   28 12 16
 3969  1831.01118   100   28 12 17
 4477  1875.16831   100   29 12 17
 4256  1875.16831   100   29 12 18
 4781  1920.85811   100   30 12 18
 4552  1920.85811   100   30 12 19
 5095  1968.08117   100   31 12 19
 4859  1968.08078   100   31 12 20
 5419  2016.83806   100   32 12 20
 5175  2016.83805   100   32 12 21
 5753  2067.13013   100   33 12 21
 5502  2067.13012   100   33 12 22
 6097  2118.95815   100   34 12 22
 5838  2118.95814   100   34 12 23
 6451  2172.32446   100   35 12 23
 6185  2172.32437   100   35 12 24
 6815  2227.22920   100   36 12 24
 6541  2227.22925   100   36 12 25
 7189  2283.67304   100   37 12 25
 6908  2283.67308   100   37 12 26
 7573  2341.65994   100   38 12 26
 7284  2341.66039   100   38 12 27
 7967  2401.18751   100   39 12 27
 7671  2401.18667   100   39 12 28
 8371  2462.26046   100   40 12 28
 8067  2462.25933   100   40 12 29
 8785  2524.87873   100   41 12 29
 8474  2524.87719   100   41 12 30
 9209  2589.04518   100   42 12 30
 8890  2589.04244   100   42 12 31
 9643  2654.76008   100   43 12 31
 9317  2654.75963   100   43 12 32
10087  2722.02992   100   44 12 32
 9753  2722.02262   100   44 12 33
  940  1416.20529   100   13 13  1
  905  1416.20529   100   13 13  0
 1082  1437.46808   100   14 13  2
 1044  1437.46808   100   14 13  1
 1233  1460.25249   100   15 13  3
 1193  1460.25249   100   15 13  2
 1395  1484.55710   100   16 13  4
 1352  1484.55710   100   16 13  3
 1566  1510.38317   100   17 13  5
 1521  1510.38325   100   17 13  4
 1748  1537.73071   100   18 13  6
 1700  1537.73071   100   18 13  5
 1939  1566.60116   100   19 13  7
 1889  1566.60116   100   19 13  6
 2141  1596.99357   100   20 13  8
 2088  1596.99357   100   20 13  7
 2352  1628.90939   100   21 13  9
 2297  1628.90939   100   21 13  8
 2574  1662.34820   100   22 13 10
 2516  1662.34820   100   22 13  9
 2805  1697.31210   100   23 13 11
 2745  1697.31210   100   23 13 10
 3047  1733.79956   100   24 13 12
 2984  1733.79956   100   24 13 11
 3298  1771.81267   100   25 13 13
 3233  1771.81267   100   25 13 12
 3560  1811.35226   100   26 13 14
 3492  1811.35175   100   26 13 13
 3831  1852.41735   100   27 13 15
 3761  1852.41735   100   27 13 14
 4113  1895.00978   100   28 13 16
 4040  1895.00978   100   28 13 15
 4404  1939.13057   100   29 13 17
 4329  1939.13057   100   29 13 16
 4706  1984.77955   100   30 13 18
 4628  1984.77955   100   30 13 17
 5017  2031.95766   100   31 13 19
 4937  2031.95766   100   31 13 18
 5339  2080.66567   100   32 13 20
 5256  2080.66567   100   32 13 19
 5670  2130.90522   100   33 13 21
 5585  2130.90522   100   33 13 20
 6012  2182.67569   100   34 13 22
 5924  2182.67567   100   34 13 21
 6363  2235.98008   100   35 13 23
 6273  2235.97996   100   35 13 22
 6725  2290.81617   100   36 13 24
 6632  2290.81616   100   36 13 23
 7096  2347.18806   100   37 13 25
 7001  2347.18806   100   37 13 24
 7478  2405.09521   100   38 13 26
 7380  2405.09487   100   38 13 25
 7869  2464.53880   100   39 13 27
 7769  2464.53883   100   39 13 26
 8168  2525.52032   100   40 13 27
 8271  2525.52032   100   40 13 28
 8577  2588.04264   100   41 13 28
 8682  2588.04270   100   41 13 29
 8996  2652.10481   100   42 13 29
 9104  2652.10420   100   42 13 30
 9425  2717.70251   100   43 13 30
 9535  2717.70242   100   43 13 31
 9864  2784.84235   100   44 13 31
 9977  2784.84241   100   44 13 32
 1118  1506.79626   100   14 14  0
 1009  1506.79626   100   14 14  1
 1272  1529.57339   100   15 14  1
 1156  1529.57339   100   15 14  2
 1436  1553.87111   100   16 14  2
 1312  1553.87104   100   16 14  3
 1610  1579.68975   100   17 14  3
 1479  1579.68975   100   17 14  4
 1794  1607.02841   100   18 14  4
 1655  1607.02841   100   18 14  5
 1988  1635.88813   100   19 14  5
 1842  1635.88812   100   19 14  6
 2192  1666.26940   100   20 14  6
 2038  1666.26940   100   20 14  7
 2406  1698.17206   100   21 14  7
 2245  1698.17206   100   21 14  8
 2630  1731.59736   100   22 14  8
 2461  1731.59741   100   22 14  9
 2864  1766.54452   100   23 14  9
 2688  1766.54474   100   23 14 10
 3108  1803.01451   100   24 14 10
 2924  1803.01451   100   24 14 11
 3362  1841.00841   100   25 14 11
 3171  1841.00835   100   25 14 12
 3626  1880.52533   100   26 14 12
 3427  1880.52533   100   26 14 13
 3900  1921.56766   100   27 14 13
 3694  1921.56766   100   27 14 14
 4184  1964.13339   100   28 14 14
 3970  1964.13339   100   28 14 15
 4478  2008.22587   100   29 14 15
 4257  2008.22587   100   29 14 16
 4782  2053.84388   100   30 14 16
 4553  2053.84380   100   30 14 17
 5096  2100.98927   100   31 14 17
 4860  2100.98927   100   31 14 18
 5420  2149.66057   100   32 14 18
 5176  2149.66057   100   32 14 19
 5754  2199.86051   100   33 14 19
 5503  2199.86051   100   33 14 20
 6098  2251.58896   100   34 14 20
 5839  2251.58895   100   34 14 21
 6452  2304.84693   100   35 14 21
 6186  2304.84693   100   35 14 22
 6816  2359.63660   100   36 14 22
 6542  2359.63660   100   36 14 23
 7190  2415.95702   100   37 14 23
 6909  2415.95712   100   37 14 24
 7574  2473.80862   100   38 14 24
 7285  2473.80838   100   38 14 25
 7968  2533.19510   100   39 14 25
 7672  2533.19510   100   39 14 26
 8372  2594.11577   100   40 14 26
 8068  2594.11577   100   40 14 27
 8786  2656.57356   100   41 14 27
 8475  2656.57356   100   41 14 28
 1234  1603.95050   100   15 15  1
 1194  1603.95050   100   15 15  0
 1396  1628.24255   100   16 15  2
 1353  1628.24255   100   16 15  1
 1567  1654.05550   100   17 15  3
 1522  1654.05550   100   17 15  2
 1749  1681.38616   100   18 15  4
 1701  1681.38636   100   18 15  3
 1940  1710.23804   100   19 15  5
 1890  1710.23804   100   19 15  4
 2142  1740.61044   100   20 15  6
 2089  1740.61052   100   20 15  5
 2353  1772.50410   100   21 15  7
 2298  1772.50410   100   21 15  6
 2575  1805.91871   100   22 15  8
 2517  1805.91871   100   22 15  7
 2806  1840.85545   100   23 15  9
 2746  1840.85545   100   23 15  8
 3048  1877.31434   100   24 15 10
 2985  1877.31434   100   24 15  9
 3299  1915.29549   100   25 15 11
 3234  1915.29599   100   25 15 10
 3561  1954.80099   100   26 15 12
 3493  1954.80099   100   26 15 11
 3832  1995.83064   100   27 15 13
 3762  1995.83064   100   27 15 12
 4114  2038.38555   100   28 15 14
 4041  2038.38555   100   28 15 13
 4405  2082.46843   100   29 15 15
 4330  2082.46843   100   29 15 14
 4707  2128.07978   100   30 15 16
 4629  2128.07978   100   30 15 15
 5018  2175.22322   100   31 15 17
 4938  2175.22309   100   31 15 16
 5340  2223.90356   100   32 15 18
 5257  2223.90356   100   32 15 17
 5671  2274.12982   100   33 15 19
 5586  2274.12997   100   33 15 18
 6013  2325.91714   100   34 15 20
 5925  2325.91714   100   34 15 19
 6364  2379.25770   100   35 15 21
 6274  2379.25770   100   35 15 20
 6726  2434.17285   100   36 15 22
 6633  2434.17285   100   36 15 21
 7097  2490.64762   100   37 15 23
 7002  2490.64762   100   37 15 22
 1437  1707.65147   100   16 16  0
 1313  1707.65147   100   16 16  1
 1611  1733.45877   100   17 16  1
 1480  1733.45877   100   17 16  2
 1795  1760.78415   100   18 16  2
 1656  1760.78415   100   18 16  3
 1989  1789.62934   100   19 16  3
 1843  1789.62934   100   19 16  4
 2193  1819.99434   100   20 16  4
 2039  1819.99434   100   20 16  5
 2407  1851.88092   100   21 16  5
 2246  1851.88092   100   21 16  6
 2631  1885.28768   100   22 16  6
 2462  1885.28768   100   22 16  7
 2865  1920.21607   100   23 16  7
 2689  1920.21607   100   23 16  8
 3109  1956.66586   100   24 16  8
 2925  1956.66586   100   24 16  9
 3363  1994.63827   100   25 16  9
 3172  1994.63827   100   25 16 10
 3627  2034.13562   100   26 16 10
 3428  2034.13562   100   26 16 11
 3901  2075.15479   100   27 16 11
 3695  2075.15479   100   27 16 12
 4185  2117.70017   100   28 16 12
 3971  2117.70017   100   28 16 13
 4479  2161.77332   100   29 16 13
 4258  2161.77332   100   29 16 14
 4783  2207.37401   100   30 16 14
 4554  2207.37401   100   30 16 15
 5097  2254.50418   100   31 16 15
 4861  2254.50418   100   31 16 16
 5421  2303.16777   100   32 16 16
 5177  2303.16808   100   32 16 17
 5755  2353.36757   100   33 16 17
 5504  2353.36664   100   33 16 18
 6099  2405.10491   100   34 16 18
 5840  2405.10491   100   34 16 19
 6453  2458.38505   100   35 16 19
 6187  2458.38505   100   35 16 20
 6817  2513.21137   100   36 16 20
 6543  2513.21137   100   36 16 21
 7191  2569.58780   100   37 16 21
 6910  2569.58780   100   37 16 22
 7575  2627.51820   100   38 16 22
 7286  2627.51820   100   38 16 23
 7969  2687.00082   100   39 16 23
 7673  2687.00082   100   39 16 24
 8373  2748.04116   100   40 16 24
 8069  2748.04116   100   40 16 25
 8787  2810.63640   100   41 16 25
 8476  2810.63640   100   41 16 26
 8892  2874.78421   100   42 16 27
 9211  2874.78421   100   42 16 26
 1568  1817.88049   100   17 17  1
 1523  1817.88049   100   17 17  0
 1750  1845.20091   100   18 17  2
 1702  1845.20091   100   18 17  1
 1941  1874.04154   100   19 17  3
 1891  1874.04154   100   19 17  2
 2143  1904.40360   100   20 17  4
 2090  1904.40360   100   20 17  3
 2354  1936.28745   100   21 17  5
 2299  1936.28731   100   21 17  4
 2576  1969.69501   100   22 17  6
 2518  1969.69501   100   22 17  5
 2807  2004.62762   100   23 17  7
 2747  2004.62762   100   23 17  6
 3049  2041.08927   100   24 17  8
 2986  2041.08927   100   24 17  7
 3300  2079.08059   100   25 17  9
 3235  2079.08059   100   25 17  8
 3562  2118.60800   100   26 17 10
 3494  2118.60800   100   26 17  9
 3833  2159.67930   100   27 17 11
 3763  2159.67930   100   27 17 10
 4115  2202.29983   100   28 17 12
 4042  2202.30008   100   28 17 11
 4406  2246.48035   100   29 17 13
 4331  2246.48035   100   29 17 12
 4708  2292.22831   100   30 17 14
 4630  2292.22831   100   30 17 13
 5019  2339.54776   100   31 17 15
 4939  2339.54776   100   31 17 14
 5341  2388.43895   100   32 17 16
 5258  2388.43895   100   32 17 15
 5587  2438.89859   100   33 17 16
 5672  2438.89859   100   33 17 17
 5926  2490.92992   100   34 17 17
 6014  2490.92992   100   34 17 18
 6275  2544.53637   100   35 17 18
 6365  2544.53637   100   35 17 19
 1568  1817.88049   100   17 17  1
 1523  1817.88049   100   17 17  0
 1750  1845.20076   100   18 17  2
 1702  1845.20076   100   18 17  1
 1941  1874.04154   100   19 17  3
 1891  1874.04154   100   19 17  2
 2143  1904.40360   100   20 17  4
 2090  1904.40360   100   20 17  3
 2354  1936.28779   100   21 17  5
 2299  1936.28779   100   21 17  4
 2576  1969.69501   100   22 17  6
 2518  1969.69501   100   22 17  5
 2807  2004.62794   100   23 17  7
 2747  2004.62794   100   23 17  6
 3049  2041.08927   100   24 17  8
 2986  2041.08927   100   24 17  7
 3300  2079.08059   100   25 17  9
 3235  2079.08059   100   25 17  8
 3562  2118.60800   100   26 17 10
 3494  2118.60800   100   26 17  9
 3833  2159.67930   100   27 17 11
 3763  2159.67930   100   27 17 10
 4115  2202.29972   100   28 17 12
 4042  2202.29972   100   28 17 11
 4406  2246.48035   100   29 17 13
 4331  2246.48035   100   29 17 12
 4708  2292.22831   100   30 17 14
 4630  2292.22831   100   30 17 13
 5019  2339.54776   100   31 17 15
 4939  2339.54776   100   31 17 14
 5341  2388.43860   100   32 17 16
 5258  2388.43860   100   32 17 15
 5587  2438.89883   100   33 17 16
 5672  2438.89883   100   33 17 17
 5926  2490.92992   100   34 17 17
 6014  2490.92992   100   34 17 18
 6275  2544.53637   100   35 17 18
 6365  2544.53637   100   35 17 19
 1796  1934.61551   100   18 18  0
 1657  1934.61554   100   18 18  1
 1990  1963.45069   100   19 18  1
 1844  1963.45072   100   19 18  2
 2194  1993.79472   100   20 18  2
 2040  1993.79472   100   20 18  3
 2408  2025.64523   100   21 18  3
 2247  2025.64523   100   21 18  4
 2632  2059.00944   100   22 18  4
 2463  2059.00944   100   22 18  5
 2866  2093.89315   100   23 18  5
 2690  2093.89315   100   23 18  6
 3110  2130.29878   100   24 18  6
 2926  2130.29878   100   24 18  7
 3364  2168.22369   100   25 18  7
 3173  2168.22369   100   25 18  8
 3628  2207.67078   100   26 18  8
 3429  2207.67078   100   26 18  9
 3902  2248.66365   100   27 18  9
 3696  2248.66365   100   27 18 10
 1892  2057.83476   100   19 19  0
 1942  2057.83476   100   19 19  1
 2091  2088.18604   100   20 19  1
 2144  2088.18604   100   20 19  2
 2300  2120.04981   100   21 19  2
 2355  2120.04981   100   21 19  3
 2519  2153.42661   100   22 19  3
 2577  2153.42661   100   22 19  4
 2748  2188.31331   100   23 19  4
 2808  2188.31331   100   23 19  5
 2987  2224.71444   100   24 19  5
 3050  2224.71444   100   24 19  6
 3236  2262.62893   100   25 19  6
 3301  2262.62893   100   25 19  7
 3495  2302.05653   100   26 19  7
 3563  2302.05653   100   26 19  8
 3764  2342.99714   100   27 19  8
 3834  2342.99734   100   27 19  9
 4043  2385.45088   100   28 19  9
 4116  2385.45088   100   28 19 10
 4332  2429.41692   100   29 19 10
 4407  2429.41692   100   29 19 11
 4631  2474.89793   100   30 19 11
 4709  2474.89793   100   30 19 12
 4940  2521.89524   100   31 19 12
 5020  2521.89524   100   31 19 13
 5259  2570.39970   100   32 19 13
 5342  2570.39885   100   32 19 14
 5588  2620.42146   100   33 19 14
 5673  2620.42146   100   33 19 15
 5927  2671.95425   100   34 19 15
 6015  2671.95425   100   34 19 16
 6276  2725.00166   100   35 19 16
 6366  2725.00114   100   35 19 17
 6635  2779.56149   100   36 19 17
 6728  2779.56149   100   36 19 18
 7004  2835.63621   100   37 19 18
 7099  2835.63575   100   37 19 19
 7383  2893.22500   100   38 19 19
 7481  2893.22500   100   38 19 20
 7772  2952.32566   100   39 19 20
 7872  2952.32566   100   39 19 21
 8171  3012.93926   100   40 19 21
 8274  3012.93926   100   40 19 22
 8580  3075.06546   100   41 19 22
 8685  3075.06546   100   41 19 23
 8999  3138.69922   100   42 19 23
 9107  3138.69922   100   42 19 24
 9428  3203.83107   100   43 19 24
 9538  3203.83142   100   43 19 25
 9867  3270.45705   100   44 19 25
 9980  3270.45705   100   44 19 26
10316  3338.56426   100   45 19 26
10431  3338.56426   100   45 19 27
 2041  2187.51364   100   20 20  1
 2195  2187.51364   100   20 20  0
 2248  2219.38181   100   21 20  2
 2409  2219.38181   100   21 20  1
 2464  2252.76176   100   22 20  3
 2633  2252.76176   100   22 20  2
 2691  2287.65451   100   23 20  4
 2867  2287.65451   100   23 20  3
 2927  2324.05872   100   24 20  5
 3111  2324.05872   100   24 20  4
 3174  2361.97582   100   25 20  6
 3365  2361.97582   100   25 20  5
 3430  2401.40423   100   26 20  7
 3629  2401.40423   100   26 20  6
 3697  2442.34525   100   27 20  8
 3903  2442.34525   100   27 20  7
 3973  2484.79498   100   28 20  9
 4187  2484.79498   100   28 20  8
 4260  2528.76099   100   29 20 10
 4481  2528.76102   100   29 20  9
 4556  2574.23582   100   30 20 11
 4785  2574.23582   100   30 20 10
 4863  2621.22401   100   31 20 12
 5099  2621.22336   100   31 20 11
 5179  2669.72098   100   32 20 13
 5423  2669.72098   100   32 20 12
 5506  2719.73068   100   33 20 14
 5757  2719.73063   100   33 20 13
 5842  2771.25093   100   34 20 15
 6101  2771.25071   100   34 20 14
 6189  2824.28369   100   35 20 16
 6455  2824.28399   100   35 20 15
 6545  2878.83230   100   36 20 17
 6819  2878.82927   100   36 20 16
 6912  2934.89154   100   37 20 18
 7193  2934.89154   100   37 20 17
 7288  2992.46858   100   38 20 19
 7577  2992.46858   100   38 20 18
 7675  3051.56252   100   39 20 20
 7971  3051.56252   100   39 20 19
 8071  3112.17446   100   40 20 21
 8375  3112.17446   100   40 20 20
 8478  3174.29773   100   41 20 22
 8789  3174.29773   100   41 20 21
 2301  2323.61554   100   21 21  0
 2356  2323.61554   100   21 21  1
 2520  2356.98751   100   22 21  1
 2578  2356.98751   100   22 21  2
 2749  2391.86986   100   23 21  2
 2809  2391.86940   100   23 21  3
 2988  2428.26013   100   24 21  3
 3051  2428.25975   100   24 21  4
 3237  2466.16318   100   25 21  4
 3302  2466.16318   100   25 21  5
 3496  2505.57512   100   26 21  5
 3564  2505.57512   100   26 21  6
 3765  2546.49712   100   27 21  6
 3835  2546.49712   100   27 21  7
 4044  2588.92862   100   28 21  7
 4117  2588.92862   100   28 21  8
 4333  2632.87626   100   29 21  8
 4408  2632.87362   100   29 21  9
 4632  2678.32932   100   30 21  9
 4710  2678.32932   100   30 21 10
 4941  2725.29142   100   31 21 10
 5021  2725.29142   100   31 21 11
 5260  2773.75810   100   32 21 11
 5343  2773.75810   100   32 21 12
 2465  2466.09882   100   22 22  1
 2634  2466.09874   100   22 22  0
 2692  2500.93502   100   23 22  2
 2868  2500.93502   100   23 22  1
 2928  2537.27545   100   24 22  3
 3112  2537.27552   100   24 22  2
 3175  2575.12559   100   25 22  4
 3366  2575.12559   100   25 22  3
